light_brown_glass,-6.457022044325708,-2.753994829678886,-0.10783275697024976,2.7275960974584827,1.4578368229028997,1.691341216442885,2.4144546190156606,1.0536799628868752,1.0865092787608592
light_brown_glass,-3.5747468159537523,-2.9097548446499033,-0.8273165122549859,1.4864934441608102,0.3140806110881045,3.777034916263012,-2.517093695416118,-0.7970682619850912,-0.2049238131885709
light_brown_glass,0.3870204393720609,-1.0557588183464577,0.12380291684834588,1.333076423753335,0.21174694986601347,0.43302913629145423,1.5801522504283094,1.5855648050516093,-2.697328751837015
light_brown_glass,0.02191325429540655,0.4863323182822384,0.9191500310713125,0.585327675821945,-0.36603193259712596,-0.5385819461962847,1.2551308526356004,-0.1314825591489049,-1.3462613434387471
light_brown_glass,-3.2644750893606425,-0.12388293311311274,-0.774944598546295,0.8528330850707962,-0.5701223121917781,-0.9790906779477354,0.5721556367099689,0.6525957712709047,-0.2994283914695657
light_brown_glass,-2.088404228325269,-1.2071030076568607,-0.9018455001476354,0.6516345066874065,-0.08490511255519528,-1.4928013549748875,1.0412817264631014,0.1529054622003415,0.314786249511996
light_brown_glass,3.2061220588403163,4.8385478543088665,0.9367285840741157,-1.7585911367176537,-3.5933660412281245,0.9434638051797042,-0.9791702296958144,1.4838035202830082,-1.6356805518708466
light_brown_glass,5.1992649146784435,-2.320283559999098,2.3571750113915995,0.9718462958844826,0.350759408851883,2.196054578348801,0.2260241306479498,-1.0871417262799488,0.2929713655307203
light_brown_glass,5.390437238154186,-3.06041188367939,0.9617818656938122,0.22443973782870352,0.36602869279927147,-0.29550358199200366,-0.6612337079653272,0.8186004138188839,0.3900534671993625
light_brown_glass,-9.920064421344476,3.2962988115887413,14.085725776351598,4.350357103606975,4.176755396109447,-1.019357614478514,0.8000886753282,-3.013680050371375,-3.654747636775132
light_brown_rice,-6.291291722409637,-2.6322071705302488,-0.5660250676268683,2.24988436853798,0.8505123336199059,1.5002412367475544,1.6646373379722772,1.779219845340524,1.0878370567324906
light_brown_rice,-2.986462218613733,-3.152258827831087,-1.2877434781401362,1.4071356598369396,2.1801295294836027,0.09476405562725941,-1.9789924585844179,0.08590917330144178,-2.5865182662570385
light_brown_rice,0.05773146818876634,0.3158228038112811,-0.35959473326341357,0.4230750891615803,-1.3493632526536083,0.3499650658406972,0.5072520968386817,0.827092668345451,-1.48382251650058
light_brown_rice,-0.34070866397383404,1.8181948734560929,0.4743057245222624,-0.2370989581415693,-2.038045078533325,0.19189320342930236,0.5395132880273431,-0.41190937502714997,0.20578573120672658
light_brown_rice,-3.305868482892919,1.2521950072805734,-1.4632187324782249,-0.2762931306046839,-1.9421357654273599,-0.7695222534167677,-0.37560930246408836,-0.05195391230485958,0.8558863021799061
light_brown_rice,-2.142568668031651,-0.535092057634887,-0.9822115801894454,0.1492091537911991,-0.39605831032363487,-1.182867055438168,0.21565371485058005,-0.33737553126220116,0.7008690500920214
light_brown_rice,2.7645168568722664,5.1232799829969204,0.7007191992906382,-2.31493614993812,-3.5013738836748636,1.4728169115197371,-0.8499849853171101,1.5001796894917263,-1.0839131735677243
light_brown_rice,5.634519581341915,-2.645246760271163,1.970591663232706,0.7673047608708716,0.3959182523189585,1.422075729934446,0.15583061315060442,-0.2276563751754176,0.36602214091965685
light_brown_rice,5.2724841140975744,-2.767880980069762,1.093673191167983,0.28554181808112655,0.6553409409665466,-0.045789454460678336,-0.306665789275981,0.36777326763357304,0.37165566232455216
light_brown_rice,3.9997637673332926,-3.055159694981957,1.7595609859290984,1.4342935738677418,2.122022580297182,-3.003839652543947,-1.0910890573251406,0.16920510608192868,-1.7274561061432432
light_brown_beans,-6.07643050708187,-3.1757272716737925,-0.1949702452820456,2.7533251359082795,1.5244354416907495,2.4896877411476703,2.4627325706959526,2.0770940299703335,1.1312676225853513
light_brown_beans,-3.672209354403216,-1.5915209446133247,-2.1264889139801864,0.6094597105325439,1.0921045934978069,-0.4439577397746648,-2.852885081934623,-1.0239690838792157,-1.4922452666233124
light_brown_beans,-0.7346413082157792,0.8401313834887129,-0.27385203043116163,0.39675941959734207,-1.2529589623080468,0.1994288256873163,0.6937634380207196,0.30078497488078193,-1.4589212548258756
light_brown_beans,-0.4416555279839287,0.7698691724603269,0.5980305833350301,0.3033390325148206,-0.8711702266172425,-0.2383640097539012,0.872964660628581,0.7693613600206528,-0.651956861659895
light_brown_beans,-3.40536646669817,1.2257180404078996,-1.3034322633170106,0.37616772361780226,-1.9236107267004783,-1.018612506341401,-0.1831316429790954,-0.357112678010058,0.5551412885000282
light_brown_beans,-9.646487078299971,5.909013801306371,13.083304796233504,2.4298727877506074,0.12440949666131845,-0.6599563340427067,-2.2321306526055027,-2.440883130172986,1.064395009121797
light_brown_beans,2.9655720372266536,5.025199824261794,0.32879106387569296,-2.446272520442112,-3.2230875376101684,1.3200868030276505,-0.6104303704800429,1.404908772576222,-0.5945239898820216
light_brown_beans,5.8984312278395326,-2.655760922294389,2.417889656507748,0.8217308450373652,0.21450395119207638,1.647809518047617,0.7092226658467007,0.2867558479688212,0.37467509764103674
light_brown_beans,5.151011024421886,-2.4716153405301,1.9906803560993098,0.6305401506765779,0.632399687316274,0.9093339809731114,0.0746464195402465,-0.20829072722869552,1.202331155480244
light_brown_beans,5.525119916985724,-3.6361886185364316,0.8696493293175768,0.9414404848181754,2.1911431045439844,-4.391744820996924,-2.122979023341144,2.8136453509564934,-0.9641857442588
light_brown_screws,-6.150643139510911,-2.5642582726220287,-0.38770863792161053,2.2918781997142132,2.1769778778263262,-0.6965995543677433,1.6723700002247228,2.432619223045362,-0.5212889168304681
light_brown_screws,-3.5796642892585417,-3.028734231318624,-1.0924969904530597,1.7063864436152156,0.10706908339881781,3.436460298630901,-2.3591491854762827,-0.764903904045714,0.14799119702403318
light_brown_screws,-0.5857830409629314,-0.2765502225470199,-0.05264802680536356,0.8175529065219805,0.16328432868681028,1.8100354607954297,1.7385103275900298,0.7280095862463192,-1.1811886262997444
light_brown_screws,-0.5770238590502097,1.8364064046917372,0.16048629609772988,-0.29839352308403716,-2.393193173302621,0.7190530815179825,0.02972897152897342,0.09286276653539641,0.31232656297830097
light_brown_screws,-3.2818105819419694,1.1334946621957203,-1.2988856379393463,-0.41042739343782214,-2.3026988114227542,-0.09542656931114728,-0.9143758044869629,0.264087480523895,1.68175662030666
light_brown_screws,-2.198041394041241,-1.60506416846902,0.4340413605431547,1.5460572833629587,2.6216327636592016,-1.610648960466615,0.6494552995793109,2.284645421429721,-0.5042032234402057
light_brown_screws,2.588297222873768,5.2408272359665835,0.33029061095645157,-2.6335532198038085,-3.479645221457013,1.773408005493572,-0.2856891943317043,1.7414440864704477,-0.507985506008184
light_brown_screws,6.162728099587481,-2.618928361980522,2.3766508733558114,0.34994903418894463,0.21918462013542347,1.2918284556912822,1.4348942505224025,0.0025349895661153296,0.6317510706646836
light_brown_screws,5.45572608312361,-2.8137755270881,1.2888975708699748,0.3546678456295423,0.8184874148512865,0.5475936635239375,0.3594855903313274,-0.5064573278505484,1.3543008161825798
light_brown_screws,4.888674174997672,-3.080076343658721,0.9454134175377975,0.003975495100219162,0.2505962686101582,-3.9376933357548127,-2.8792411108087186,2.122773897299724,0.8377985941577542
light_green_glass,-5.986300158685001,-3.0282860484741927,-0.521354303035484,2.229357686018114,1.9596687556722479,2.698046925223259,2.3892195455365686,2.050605960474117,1.0867415314353714
light_green_glass,-2.966190892456254,-3.8954896530895406,-0.9252410617621685,2.0049473389864345,1.4781953641831587,3.6142792128073498,-1.910001545026172,0.24154765972707645,-0.7778523665358041
light_green_glass,-0.9079953724909906,2.3869532134363407,-0.14823541166843465,-0.6906593883325546,-2.0321533677062775,0.5033247959429789,-0.036931472358123205,-0.5070545289955225,-0.10486937390193424
light_green_glass,-0.3222924982169077,1.5461002685276126,-0.09313655835473386,-0.340660122351141,-1.7912599159513904,-0.14309029333206869,1.034228443124063,-0.4322691143751532,-0.4359349433816851
light_green_glass,-3.3376134940221416,1.4060121296535462,-1.3960892399152258,-0.1699923971834102,-2.233738159796937,-1.3073913900000866,-0.6053222748142266,-0.4979746118414515,1.0703471767694004
light_green_glass,-2.510109226322699,0.77912486172829,-1.653564016346353,-0.43224000700449566,-1.8370795624998761,-0.8476653439209796,-0.3863335907590253,-1.1298961087752333,1.1627862263441942
light_green_glass,2.5135582058162926,5.237642362399698,0.40287046637525653,-2.602870651573836,-3.661867777022169,1.6142523882681579,-0.2891157810610639,1.6825949359048866,-0.7924549288225897
light_green_glass,6.543940631675092,-2.801671990061676,2.248771339523761,0.45383656932111455,0.3042987372056944,1.2005790483164815,0.9776208461795663,0.7739223208798609,0.8542661020367138
light_green_glass,5.6330817703763,-3.094953600146951,1.7887698995042862,0.5138144925527183,1.0735263798840153,0.8603806266633918,-0.052532319452649176,0.06657365635725104,0.963983871001674
light_green_glass,3.8027080672413995,-0.7586853218155776,0.046927164810811474,-0.5375989031702929,-0.8326001305433244,-2.806308583979041,-2.2024037026790158,-1.327585523458564,0.8322183644195413
light_green_rice,-6.3236829449496925,-1.980927601951968,-0.9220168521283773,1.5954700042630128,1.5136788910210168,1.3373752885165737,1.962997422035313,0.6054819339165411,0.9167760320996933
light_green_rice,-3.253095173433469,-3.4155427869771335,-1.403824596014756,1.508942905778846,1.317366567007124,2.903561425406524,-2.578255058558618,0.12185806738562452,-0.5820723641368697
light_green_rice,-0.9059807872102296,2.043710493503047,-0.7627016414335108,-0.6788974653807262,-2.137133309515101,0.4904707168474501,0.05944916261704681,-0.9727990091911994,-0.07973434326377837
light_green_rice,-0.6701369754709265,2.371383521579367,-0.32872816097413016,-0.84517479924032,-1.739264988189974,-0.2302229848531826,0.5295571196835451,-0.9781995541296444,0.2498362146831138
light_green_rice,-2.986255996363453,0.28779658114651363,-1.5100584440230245,-2.9063506070568443E-4,-2.0201909457760205,-0.654537220077595,-0.2769038836438632,-0.12412121156687418,0.9526323080149691
light_green_rice,-2.7850085609434596,1.188975025283738,-1.7898414960670068,-0.9228026180293087,-1.968805458932919,-0.8742518622304402,-0.4778914168587372,-1.023966064387768,2.0078708135906016
light_green_rice,2.710564817876586,5.182419194959036,0.08135479700985503,-2.3655681549212497,-2.9368186906029132,1.093417204072568,-0.21024489298522883,1.3131642787362705,-0.774403067787461
light_green_rice,6.429746012657574,-2.9867406782610897,1.207383003812903,0.22665770312360223,0.07892272095966982,-0.449587630968326,0.43867648008681553,0.8188940374339837,-0.2280218254804656
light_green_rice,5.739888483255633,-2.7799886350347913,1.481326004255445,0.16568021157742827,1.0405324012888728,-0.40910454154340964,0.19074007174900653,-0.35187408392177444,1.081265649110467
light_green_rice,3.9851360605460644,-2.1163028927482865,-0.17384832538107708,0.03304749201957957,-0.4677780194364567,-4.031057763627247,-2.709601058951915,-0.3774939035740613,0.3531071748383219
light_green_beans,-6.772850580401245,-2.2280125341577137,-1.0387555502202266,1.866619532959952,1.651015632335834,1.6932469937248342,2.0547221984496313,0.6966270212291548,1.005105676871308
light_green_beans,-3.5907448225912955,-3.8161253137972984,-1.465314331080232,1.7770937559176063,1.5259440805732953,2.5181376464611867,-1.8913499743560402,-0.05294093923825724,-1.4152496414786353
light_green_beans,-1.0333828885253225,1.6840608169878677,-0.47323929875676574,-0.19674942487267916,-1.3118308036102335,0.5693322890957669,0.9342658076605745,-1.4125006366896236,-1.0588798595356352
light_green_beans,-0.9538131001507139,2.4822486225215226,-0.4261950024452286,-0.8690682494250375,-1.9455620787091508,-0.2770038149749108,0.2949172157351928,-1.194258350502696,0.1957173263702889
light_green_beans,-3.194285223933204,0.35094139008712105,-1.7320367975095563,0.09914126952476383,-1.5151912560257463,-1.0994888417865476,-0.1794115099261106,0.006823350534699964,0.40836084987952215
light_green_beans,-3.1801645719809257,1.3288388961457764,-2.3787566770038318,-0.5970014553677164,-1.9416963191145544,-1.5412281293485062,-0.16952882461073304,-1.6600923669704504,1.7370049329029449
light_green_beans,3.044405715379891,4.840068583606673,0.24755927668179273,-2.4531455974104737,-3.5705718894315424,1.829672850717211,-0.6642489946801793,1.8078185466403813,-0.6358770032920367
light_green_beans,6.247024091811198,-2.8730789847921074,1.3899997858090452,0.07179781287816557,0.27910198093566413,1.5192889782265255,1.155949375807734,0.6351744997968253,0.9650005838959675
light_green_beans,5.808466812744439,-3.1624516756020373,1.4542524387661935,0.1479193062161281,0.9415610562488981,0.8128037209961392,-0.11235112196416991,0.3244691769448113,0.9811570209553685
light_green_beans,4.181521435158512,-3.9764569662966456,0.14188255584652662,1.1957100943237033,0.8264217463003127,-0.40582786043480873,0.1107733903362414,-1.1201358923792029,-0.16200985580751562
light_green_screws,-6.557804756682328,-2.4762649469039295,-1.0658260650409397,1.9246229125963326,1.85125065846862,1.2319964107105905,2.1000170052798075,0.7396605904478836,0.9181778302719014
light_green_screws,-3.509711035411424,-3.6746490033821964,-1.4574447137124076,1.6317674960986113,1.1805407121907805,3.047343554478757,-2.1523018738873314,-0.00686796402010989,-0.4839379905841291
light_green_screws,-0.48519344501991124,-0.16821345248408448,-0.11372616381994521,0.2874267937612203,0.8689281787654067,0.47225818320810387,0.7618945346424493,1.465791129078068,-1.2134792906645926
light_green_screws,-1.1709856541762425,1.5262581500204266,-0.2527456543230242,-0.444924922538892,-0.6290431840334519,-0.8097351133837913,0.9039419098942187,-0.637701986054829,-0.908015316406809
light_green_screws,-3.1137205829098415,0.951782624688823,-2.1430328109296872,-0.23547654206731572,-1.8173342385201665,-2.2258199855895446,-0.6675686400479808,-0.06691806421492329,0.6451805019417254
light_green_screws,-2.656139653691132,-0.266560005003651,-2.087261788643668,-0.18881068499248432,-0.5999783094339397,-2.3064575946472394,0.36000743309499406,-1.0776341760038242,0.1536781293575326
light_green_screws,2.6512730536755473,5.235041871551381,0.20605210515524194,-2.71549000205361,-3.359602802393959,2.021118771493375,-1.0173677885959875,1.7114649360735468,-0.46531131474152815
light_green_screws,6.316353048708398,-2.808106625629185,1.8646555402007867,0.19508569503150736,0.7283500257888842,0.46152238434129006,0.7576098868956839,0.3589660412260662,0.690176673690069
light_green_screws,5.6780268656483734,-2.7900072785387344,1.9299730688169248,0.4792901742293454,1.4785560513249354,-0.7310971022100736,0.7816217302332508,0.6268723163981174,0.46946335897517055
light_green_screws,4.279628893936752,-3.8640506992210555,1.0211567858566688,0.8630927802974451,1.1696134517806012,-0.2726176709066648,-0.5831504738409077,-0.009458837453111602,0.7619906421764726
light_blue_glass,-13.60927701989069,4.606547474899665,14.458959856971605,3.948881441514079,1.694504374415863,0.37612449029072004,2.633968078286743,0.7295062760486859,0.26366085804894945
light_blue_glass,-9.311305817409968,3.7351487523985596,15.42926350277794,3.4368377172899547,0.34041214469297854,0.9323043815449925,-4.63413159465942,0.6659554292646535,0.7072783951535915
light_blue_glass,-7.067262359992442,9.734568796711054,15.089423311626783,1.1130834355641293,-0.5153871569092072,-0.6750202755234128,0.5956426127503484,-1.5149487533924575,0.41332147811835096
light_blue_glass,-11.009624504735719,6.331685458697992,13.203347740498575,1.7743598018835645,1.1719001719873443,-2.169933498849712,-2.6204742896485174,-2.8835305277764753,-0.10783183377442501
light_blue_glass,-8.453641325623991,7.5826299597273055,14.020350961908164,2.2891576997865304,-1.3699430603061031,-1.616056151110613,0.19724453967857059,-0.8064229603506959,0.555059588569287
light_blue_glass,-8.597658784481895,6.638328565924108,14.59324617198258,2.8763992887491527,0.8770816684030375,-3.0399442644235184,1.4765076432986695,-1.3323560816966842,-0.5512471111255353
light_blue_glass,-3.3901399557714353,11.966424441552315,17.43418888633998,0.7277630399850981,-1.2454305445085747,0.5465459105721202,-0.021978076841923558,0.5562561948715264,-0.5581858488663756
light_blue_glass,-1.5439101364010421,5.087538848084426,16.76587739769407,2.9184097308356436,0.37146947223930465,-0.8922517005791089,-0.3922078495774314,-0.03894814659151308,-0.06778630565350313
light_blue_glass,-1.6433688828384363,3.8385759514244975,16.82566761522649,3.4362728531964444,1.95409995072855,-0.7141624569517415,0.9908564922741634,-0.30283466981296925,-0.46495438113433923
light_blue_glass,-4.707998385510905,5.899816820112697,17.594837691310985,1.1666191363117548,0.5421304526458991,-0.32487573915506707,-2.3048259096185384,1.849677800337668,2.3505757921825556
light_blue_rice,-6.960760911682059,-2.0314419185768324,0.6727233033415161,2.1016436717994242,1.8714597218664892,1.0442030492346037,1.1773643375822238,2.5032885853505173,1.2453317867623717
light_blue_rice,-3.596387395285971,-3.151432007469683,-0.3525777224644815,2.3153200272547023,1.6497887131091657,2.4939217855306395,-1.4734775832466362,0.21882990639945793,-1.9299562148630631
light_blue_rice,-1.0465888864715056,2.5183946669465027,2.6358765570068607,0.6172854947049542,-0.7185702544870907,0.29588329452893586,1.2359413492431646,-1.1382071620497152,0.15239351119084746
light_blue_rice,-1.134088999407922,1.7166515655388237,3.7073895638497674,1.1557430102260988,0.4490950341354825,-0.8881683844246764,1.0377119125240188,-0.3075733457955967,-0.03468358822032342
light_blue_rice,-3.5779330658098347,1.1947221357381734,-0.21011691919038,0.13690267503496703,-1.9850451887468465,-0.46507818821892194,-0.21951406232637555,-0.2632148941800606,0.6222590413341802
light_blue_rice,-2.049689033524919,-0.17735617411207596,0.3155399616728649,0.6104784081871182,0.17346076749215159,-0.8193785192525825,0.9541792632112387,0.4743507500721709,-0.045227937990166764
light_blue_rice,2.076816775297456,5.578961104487342,1.6210275341112468,-1.9814849177401488,-3.157981892600692,2.296736586965501,-1.7677726903909325,2.1046782777891444,-0.06859762470038502
light_blue_rice,4.5346645451689405,-1.5771772545763456,3.398917764781194,1.503875872690666,1.1405710560082525,1.5930675366805769,-0.441535534774978,0.4077478047924414,0.3787997370976686
light_blue_rice,5.045496386132574,-2.640424907820939,1.898734765862359,0.6347238091256123,0.5024411346549001,0.3092259625706907,-0.26330858096218734,1.3270843328867978,0.3037443638269993
light_blue_rice,3.28025887555334,-2.7180367923738102,1.642619788768944,1.180211125692689,0.5984728182592404,-0.22634625708112358,-1.2768390879085225,1.2472066690577992,0.04691648890978984
light_blue_beans,-6.671796434466173,-2.0739456181074525,0.4132797135545412,2.603166259288142,1.012608458866046,1.45476424609057,1.4562476622107416,1.2683007925950247,1.5362388563929055
light_blue_beans,-3.5286862983465244,-2.6586770774491044,-0.7316013568572255,1.5764860725651326,0.2754330094570373,3.237980883713486,-2.7091724650585056,0.2665894516596313,0.019560978153446405
light_blue_beans,-0.5119568092067435,1.611350931134442,1.801442532567246,0.5280241884438839,-0.6880355917943725,0.018392489939992485,1.1471282411398322,-0.8498345843762476,-0.2961782018614179
light_blue_beans,-0.26063611740948045,0.8097806105433408,0.9819201535981461,0.4522827107254531,-0.19219392161387888,-0.5604237019386115,1.3722909870189803,0.4500288155285806,-1.2861166189902518
light_blue_beans,-3.380358573826628,0.9355981311467997,-0.23595335848998328,0.4156332547614395,-2.0336384929215643,-0.17910881665312484,-0.6802832572614635,0.1310615624479286,1.070577459069538
light_blue_beans,-2.5610412657742407,1.3181194500631541,-0.9040913733250144,-0.2816194524579502,-1.5753299174087552,-0.6419955499250735,0.0832738939529529,-1.131568037314686,0.9996782264643908
light_blue_beans,2.367198903665822,5.221545066122856,1.053108075375607,-2.1334269234745946,-3.482985675426241,1.9890874257321687,-0.9519314420478838,1.6317568240146254,-0.8360731239748251
light_blue_beans,4.898431939128525,-2.288633602790834,2.679958098341005,1.2153024695918104,0.9224123315175196,1.8762548005810675,-0.554420015387937,-0.25324391174069916,0.17483056315550843
light_blue_beans,5.265621768232552,-2.487737276630215,1.5452876534469322,0.6770042904002451,0.6184261762851823,0.7391893264306406,0.45080982185320295,0.037340329318770335,0.3621474260004371
light_blue_beans,3.688652119928622,-2.963378109482669,1.6150636751195329,1.4378060026556483,0.8900338820464113,-0.0909156857278047,-0.7424542041569258,0.10194600846710805,0.10713562057448062
light_blue_screws,-6.568391108743844,-2.6488035755684605,0.22963543695310443,2.828905109838831,1.0493414349271517,1.8227175682501418,1.7137032090078919,1.1370281888109828,1.1289177618244899
light_blue_screws,-3.5396091875666906,-3.022348156598,-0.8773415200427584,1.5744269505374628,1.294808036624105,2.9849238575118013,-2.266792201340721,-0.09361476132860201,-0.5428085171704204
light_blue_screws,-0.22151732735373067,0.04088482639226625,1.3791202910611002,1.0263366473932245,0.4554262911026714,0.32013486380399175,1.293458838206249,1.8191758201146309,-0.9723878409078115
light_blue_screws,-0.14379497477056793,2.442119540082044,0.656225180312862,-0.4056001660367919,-2.0841390688928643,-0.13351813597206103,0.5450762614138249,-0.9246620181395242,-0.10496875352585933
light_blue_screws,-3.4247459799786637,-0.7061543007091957,-0.4085009745855646,1.1558542595115224,0.11293657152580307,-1.4335156906727031,0.1793118655814909,1.2522188885660361,-0.5375236393715521
light_blue_screws,-2.776144025781675,0.39591622414882105,-1.0321856639812155,0.17958293523831462,-1.0516468181840155,-1.0456494428664056,0.273775877918773,-0.788234256419284,0.9007329402178611
light_blue_screws,2.646882571970652,5.210012011930066,0.9608974485953864,-2.206978436929627,-3.393605208266521,1.9537456804098867,-1.0201417792419964,1.8520579341331125,-0.3848254965657181
light_blue_screws,5.981206404007318,-3.1109814812670074,2.6218317042715684,1.3378405638342392,0.7096838845341003,0.663085349488478,-1.037563239265108,1.2659075024069195,0.37323597813302856
light_blue_screws,5.590906599433681,-3.3593061508988518,1.7949012130464739,0.8251410748349202,1.3718286300684033,1.0411556491148855,0.2804991481715182,0.5290927548104616,0.12922669493867894
light_blue_screws,4.044019573945566,-3.335794883854003,1.748801336839225,1.4598706846492724,1.4960499926022413,0.4017574476166603,-0.04164671872765098,-0.13438247565331615,-0.4285153166482735
medium_brown_glass,-6.149511018345257,-2.2186298593716383,-1.6371784405377643,1.1639383128861112,2.289574922674849,-0.9342595791265786,1.2290079741527353,2.208749451447555,0.10445667042904712
medium_brown_glass,-3.682842175233955,-3.149169619759088,-1.8103866937649151,1.2794444147713113,0.31698483327545735,2.871233027858383,-2.165501671585045,-1.0085689808949658,-0.03744298553236149
medium_brown_glass,-0.20556588447576338,1.5343102528590025,-1.1657795420054484,-0.6615186735505709,-1.764106156504564,-0.07009046527533722,0.5546173392387302,-0.8547861032830422,-1.0404366458645762
medium_brown_glass,-0.04494751284798021,1.762406020423975,-0.6298192925012738,-0.944612701773768,-1.9573932008314272,-0.31578304210116503,0.8760260069563709,-0.84991343401036,0.12690713002282353
medium_brown_glass,-3.1178518345108053,0.5046225802381865,-1.6160718545288757,0.2918160478283285,-2.1960519323650294,-0.27160167994667217,0.17753224872692835,-0.252428598665174,0.43767887564393165
medium_brown_glass,-2.5139345744506145,-0.5325641936862179,-2.3298111003392106,-0.02069983781152146,-0.6922121665017904,-1.5822276863969365,0.3549231775509822,-0.6695393860281378,0.22415482174037907
medium_brown_glass,2.660624472604485,4.913605871815647,-0.027737325999817194,-2.485674766067622,-3.1697685273626446,1.2037027984517188,-0.457823780794577,1.1963283372114362,-1.2279643850908928
medium_brown_glass,6.561058050282457,-2.619291360600123,2.019658938000687,0.15055564102064067,-0.4600175220792761,0.7409226405449388,1.1847664657302,0.05674131908928701,1.1906999060926338
medium_brown_glass,6.183042306343678,-2.951814471796721,1.3599469458921507,-0.01942507245472186,0.231732508135092,-0.2259414842425436,-0.11354520566166146,0.2866631356547735,0.9829505530068314
medium_brown_glass,2.9584695296422274,0.09707464705783372,-0.4762531392622408,-1.3008450071872526,-1.4247275881564285,-0.28375116325323174,-0.8655486538333854,-1.6272404401534788,1.6167620487951309
medium_brown_rice,-6.398707559863029,-1.15961430042271,-1.9615681664756193,0.7838851579009299,1.347226260953049,-1.8053333629527695,0.4029835522378706,1.3366483938711446,0.40177277292234537
medium_brown_rice,-3.6499630804359304,-3.039503480017185,-1.999744114811615,1.4492973939227909,-0.15685943034076033,2.6022238590875926,-2.463222930877867,-1.543876240074597,-0.19690618112867467
medium_brown_rice,-0.5835198919111293,-0.5595097036606763,-0.09535729074719865,1.2594293846408984,1.4341094489786719,-0.57477843743616,1.2110243645082934,0.6249599232303866,-2.7204542662866142
medium_brown_rice,-0.06813921827804213,0.8119899693451149,-0.37326827910336413,-0.5116049840216838,-0.9295897839462421,-0.3986768363640904,1.112869293297196,-0.13280976374222744,-0.6574395590822097
medium_brown_rice,-2.9974686127257066,-0.655887708670427,-1.7273442038102282,0.09197028897699,-0.8258309212924037,-1.3538018230578441,1.1228925314361582,1.6569284861550897,0.01630436060683888
medium_brown_rice,-2.402318067919864,-1.8977295473179823,-1.729788264714769,0.7452263595968679,1.3845236668409706,-1.8793891657980153,0.6304164926637591,1.2885742020462265,-0.2821884339250084
medium_brown_rice,2.880369762159788,4.890856422229358,-0.2724706979030283,-2.7545233946285332,-3.0481017063395965,0.9779632757204436,-0.15989371023726545,1.0581594432065327,-1.030906915621059
medium_brown_rice,5.750914275261922,-1.9817615980105165,2.755285317656944,0.42467742542259423,-0.007467946069215118,0.3033664364799149,1.1261166384938153,-0.2663526117953569,0.5989848319669387
medium_brown_rice,5.830315741804569,-2.8766957265986624,1.1755834639753726,-0.05110731334708844,0.5338692163364307,0.8012950643953527,0.0508516600609088,-0.19827034283248557,0.634078092713226
medium_brown_rice,4.193162990738377,-2.883296578759735,0.86332614871487,-0.24226172848840632,0.015081906199551576,-4.128210429244056,-3.023532301835912,2.8476707862407205,0.6339163881614731
medium_brown_beans,-6.091160896022359,-2.519494836991286,-1.5217661085657113,1.5764448813938599,1.1751775549861379,1.141817170719113,1.6384698653961316,0.38143789582337717,0.4888655251202284
medium_brown_beans,-4.013533287033443,-3.2877362944051263,-1.8909891496912221,1.5273231621020096,0.6282330528539155,2.7208305031973503,-1.8813155341532155,-1.2064307736256177,-0.38595494445004735
medium_brown_beans,-1.4237576376657493,2.110017246983368,-0.9397817805183306,-0.39277542880539323,-1.6166384772357558,-0.19079659197261103,-0.4976862844207263,-1.0668318501319565,-0.9986299132142
medium_brown_beans,0.04574824083468122,1.3702079844868609,-0.7299051869948591,-0.58499379591608,-1.2024252636123125,-0.308124215025622,0.7797487951933008,-0.8811658084411121,-0.46920621582104316
medium_brown_beans,-3.455899230529951,0.4279584871298945,-1.8694448677991178,-0.19701494831847624,-1.2877981291337672,-0.9020080934096458,0.30247710956663215,0.3721832506204805,-0.07878673487786297
medium_brown_beans,-2.165128727707007,-1.712534940392909,-1.9151933776174135,0.5460035837993884,0.3900228855239744,-1.6718608086093794,0.22832887480016162,0.48686622388273826,-0.30671050030223923
medium_brown_beans,3.1242459627877546,4.771810084159172,-0.3515012850207273,-2.892673486582657,-3.754547541264999,1.2846831494960549,-0.07687986783728537,1.2998566355197934,-0.8682562015444201
medium_brown_beans,6.218599870240093,-2.518104190202057,2.0973032080832774,0.049803235049741865,-0.21717742175304836,1.8444877811995326,1.7032273931674122,-0.16402904353398365,1.7327860066231107
medium_brown_beans,5.540622322012665,-3.04586600640008,1.0788769049237201,0.338034024798083,0.9563870898676834,0.886506559789101,1.0160027908319624,-0.20889097278000993,0.6223051093779333
medium_brown_beans,3.9752773814510385,-2.571557792085263,0.44697823522835756,-0.5074561620677934,-0.48420671546495064,-3.776477659973575,-3.6532429225552,2.7748709331894386,0.9375247414462198
medium_brown_screws,-6.67796978785364,-2.5338280650821194,-1.3602954241929834,1.8112971214215918,1.5326278321295297,0.9287282933498762,1.2027694758620087,0.6878867396173283,0.5504526980367039
medium_brown_screws,-3.2195269772821473,-3.943010909688842,-1.3704818371940304,1.5704000715507416,1.6065970747727376,2.4349090099095916,-2.0133858410501797,-0.5665507369840311,-1.2116179746723037
medium_brown_screws,-0.9354510021981219,0.6818816455294116,-0.7685949706489048,0.3223320337419282,-0.518033888765887,-0.287611685794535,0.1040314524060883,0.020071903527409223,-1.7562735795920672
medium_brown_screws,-0.009693338296886535,1.3812860332167292,-0.8331229072506048,-0.7754681965236075,-1.4162756467674555,-0.49994490857661855,0.3258796452062028,-0.8264489338601482,0.06736742389184776
medium_brown_screws,-3.3663656687831653,1.234844119947253,-2.1100884726932736,-0.7388924110370437,-2.363248308317513,-0.23603341691187268,0.17459331478626855,0.13739037795428408,1.270445469270703
medium_brown_screws,-2.3470895783035055,-0.5964205270666999,-2.483960140674271,-0.08738420529729915,-0.5854275672466991,-1.7175625061790303,0.687111633288995,-0.8422318317741394,0.46612914213160656
medium_brown_screws,2.7973020989173203,4.825348572073866,-0.4923585952435809,-3.0068602272871803,-3.446554723142857,1.5674217837139104,0.2192521744746322,1.522631535680953,-0.2021821330660892
medium_brown_screws,5.802216473457749,-2.5397165749107202,1.8065303821170766,0.18600170574659664,-0.3449997344178987,2.013964197086206,1.7137076092740897,-0.7947925999325267,1.2086242041858186
medium_brown_screws,5.804703620612616,-3.22424760226989,1.2800276835042084,0.2056429990893195,0.3444916415078737,0.15812976312450977,0.5658131742156091,-0.05464111182220924,0.8285704349044369
medium_brown_screws,3.381540090097363,-2.2484716726322147,0.41235747986626053,-0.427006288710992,-0.9418756745450331,-3.4505640669348643,-4.385856738447045,2.2620865935699523,1.2514887801563794
medium_green_glass,-6.315471852923173,-2.595405448122608,-1.6796776105224889,0.9719174510315086,2.6203920629775346,0.4712744838669677,1.4296479425817443,1.8674325163546808,0.8048126483685765
medium_green_glass,-3.183606185657707,-4.078226059726316,-1.3996329087296637,1.8286379539619633,2.1551333779107753,3.2162606328296013,-1.464036472002891,-0.6723597626049173,-1.4526767289080618
medium_green_glass,-0.521918525172143,0.45055334804839037,-0.7025789802780947,0.34516022068788993,0.1331692987757262,-0.22921969911360954,1.0521155697699605,-0.5796267640737163,-2.4898096265885195
medium_green_glass,0.01981259943251126,0.2915066552106401,-1.1474048460656197,-0.42600811377819925,-0.23592853973763916,-1.368931747667831,0.9465707023931523,0.40755304716783913,-1.1511350521887855
medium_green_glass,-3.4522922019262805,0.8353938962433277,-2.2750722703673323,-0.4398789895820163,-1.677697852188544,-1.0788642905074892,0.24371936809533146,-0.35166203357809145,0.3729290250895985
medium_green_glass,-2.4696971469544944,0.21584362320332767,-2.7452782314755217,-0.6004694009948564,-1.2486488776825162,-1.662922044375868,0.3126251741566691,-1.432754432082982,0.5685496186652125
medium_green_glass,3.0545063994007102,5.118183558904163,-0.4289068408496865,-3.19829135190153,-3.2571667905863455,1.070872068633487,-0.03198945859930408,1.5147407423179615,-0.5147227779033297
medium_green_glass,6.140833825558335,-2.9170211163235495,1.5901398559176714,0.2161385640664617,0.23999366517141166,0.8462664346751643,0.9038824184132639,0.5949297934551291,0.8435120294700474
medium_green_glass,6.353776069365447,-3.6510844247615277,1.4763941402279883,0.3831364692723561,0.9930030656081928,-0.1512454010615129,0.19559016905924326,0.319326689981508,0.45446930672146035
medium_green_glass,3.347759773875839,-0.8512811094160615,-0.5224602855006824,-1.1579447035390822,-1.2207834209949917,-3.309791354937535,-2.065257181017322,-1.0757836887197754,0.8720332350401372
medium_green_rice,-6.489485062757821,-2.0963820013439234,-1.964621622284833,1.1453984825460186,2.1378158746708924,-1.2406779697964387,0.7777867085383567,1.664144473419633,0.2368857320798402
medium_green_rice,-3.036263576436717,-4.384637822706688,-1.0202925598860513,2.4344519153036726,1.9936250739758987,3.2466792837485916,-1.0253797509576683,-0.5026485638368884,-2.1832607087855274
medium_green_rice,-0.8255159462430757,2.3694544249398763,-1.585894532246124,-0.7893053063692951,-2.059381519912075,-0.23067761331251282,-0.06114445645028528,-1.4333338783206158,-0.49081716591438274
medium_green_rice,0.33180374539118923,0.3830223719515113,-0.5116389020089107,-0.19372024284688763,-0.20410928064376838,-0.5602170209288443,1.3388106499228623,-0.3243632029314364,-1.451161338673567
medium_green_rice,-3.3299402737055113,1.2872060586993093,-2.4371962827950795,-0.5534854321235658,-2.4438513900358654,-1.3179119573737472,0.25792815776119843,-0.6240670348382157,0.6166335562644537
medium_green_rice,-2.75234053234515,0.12152156825124041,-2.7006113021046443,-0.7143943112206631,-0.8676888308651224,-1.6044524127653625,0.34618113068005235,-1.1287134869155484,0.07821958908951368
medium_green_rice,2.9045050739008795,5.13713600011852,-0.22205341604084913,-3.443425574030417,-3.3691016993346885,1.4832389180981431,0.2282233967906666,1.39383530195599,-0.2056458156699092
medium_green_rice,6.469130129954894,-3.2930694313145263,1.4954133723273861,0.28270295419969366,0.8386666342948439,0.3849860886185533,1.268895749960829,0.7836315813272177,0.4258520467057527
medium_green_rice,6.95775977023352,-4.019783124754407,1.033353142738922,1.0560029028988573,2.9581986107515514,-4.143586064133267,0.7746597807482472,0.7669338824389368,-2.18367522598407
medium_green_rice,4.171239477289074,-2.970676515374251,-0.348219806154564,-0.04147482639230127,0.04893233897938422,-5.114596679579944,-2.2863030742438473,-0.16605496142841647,-1.3729778766224625
medium_green_beans,-6.503482035676499,-1.5573235464196502,-1.837738395332972,0.9109817598522895,1.7664002499209364,-1.36329356615874,0.6180696425912544,1.606663672715184,0.5479453937768458
medium_green_beans,-3.053581072778466,-3.8052123333855885,-1.357075031938469,1.368443887184007,1.3404995243535942,3.421551385029223,-1.3059295838384446,0.2872756018045142,-0.39118803301042443
medium_green_beans,-0.8502652769227985,2.2120598028780147,-1.9252434425562657,-0.9816708856481188,-2.27542187465473,-0.49695142455507796,-0.3842050518248923,-1.318784440398095,-0.3581499309882876
medium_green_beans,0.031825260708762064,1.236767135688711,-0.9505855001041346,-0.5622880633542109,-1.2036044090022289,-0.640054377181747,1.1019489475768116,-1.1654365758109375,-0.7271650342025465
medium_green_beans,-3.5683845791054964,1.7478044738250693,-2.539107189626176,-0.8152161747050726,-2.582784296052878,-0.8926306418526537,0.2715678985661981,-0.8975689172376424,1.0026536708832712
medium_green_beans,-2.8987881397628237,0.10264769938051996,-2.5390280701529995,-0.4565647048050414,-0.8864716996636612,-1.6968228207510276,0.6714263824114414,-1.1974426510241223,-0.14027127916801044
medium_green_beans,2.932551932262128,5.026939932024632,0.153451846416075,-3.2730574556211214,-3.5287881987612044,1.5025276566223842,-0.24193677735473645,1.763488788574242,-0.1814454873460965
medium_green_beans,6.669654397824189,-2.9155138294775544,1.45116913580933,0.25642395226332476,0.9780365335215798,0.2673805630143905,1.341523579862396,-0.09497490324764436,0.2842594603829132
medium_green_beans,6.378244202918267,-3.571795038982791,0.9996490673254923,0.6121800986099964,0.8398666877075854,0.5605583662725612,1.1079350668455972,0.40930320810871634,0.2479812372230218
medium_green_beans,3.9127500338656405,-2.3741257578450807,-0.8001141387945659,-0.3528682478722116,0.2898961653766091,-4.195238688443972,-0.6218271826874759,-1.5697084709844886,-1.2968215966202847
medium_green_screws,-6.159819227859442,-2.297429047254696,-1.2290942723236888,1.1541061120090783,2.2960673047523597,-0.38074814369781923,0.4820171890598929,2.8547082759216567,0.3721729652114555
medium_green_screws,-2.6568079614213596,-4.555317723857134,-1.446762030463939,1.795186993652413,1.975997148650558,3.5298711669343503,-0.6442674754530131,-1.17582041171002,-1.9946557467534372
medium_green_screws,-0.33864656004385774,2.1339403813823843,-1.9152886996474625,-1.33157357542611,-2.534960473201783,-0.2845980182676431,-0.13075639191912286,-0.9940476022368065,-0.256373279551013
medium_green_screws,-0.2827444637271648,1.6206700792997524,-0.5882082449172819,-0.8310130503373838,-2.114345422340498,0.19852242710273263,0.41263694042883337,-0.7282318586554017,-0.14239189453791856
medium_green_screws,-3.6672752887194515,1.4268615389849695,-2.4439013575192643,-0.882432719136064,-2.6381405677118526,-0.4625477949992449,0.19863662042722904,-0.43744781959596674,1.3873531016399792
medium_green_screws,-3.235134470369492,0.3080606027852655,-2.7689019796615257,-0.5810531491151754,-1.103001680801535,-1.7563296215432769,0.3596638875034584,-1.19164770988448,0.3463539434409418
medium_green_screws,2.655739672888166,5.266592616172461,-0.5498011273999004,-3.3597942783221875,-2.848068795333041,1.1338032914912735,-0.2012528348157233,1.050515991124508,-0.4195641914739844
medium_green_screws,5.866042821609296,-2.624176603086929,2.355876608130582,0.6203369793918182,0.591062252749252,0.8101984513081883,0.6352153297280402,0.2870299274803489,0.44364182713694134
medium_green_screws,6.3426094745750055,-3.6765490681368687,1.2314522040470257,0.2352579622627191,0.43524772297393793,-0.24446382613567888,-0.10595653412699713,0.5004087806587101,0.5405678261838598
medium_green_screws,2.6253615020456205,0.27303421022397123,-1.1556793366659166,-1.6450264315416492,-1.174303961407484,-0.8397461025953061,-0.8570673838708884,-2.167208808084875,1.478959878351354
medium_blue_glass,-6.900047148460767,-1.5529529247801308,-1.0540199659780176,1.1690431424021916,1.438228703334306,-1.0829643030470482,0.06496079766855846,2.9145174250251626,0.6863995498638554
medium_blue_glass,-4.104605071161419,-3.668922926945856,-1.4321807948575342,1.873206877292421,1.5135601539678696,2.758798796427638,-2.091527761595429,-0.1320805129025419,-0.9030316850960807
medium_blue_glass,-1.145842224702777,2.3550542269467076,-0.9061688774678129,-0.9991683621453261,-1.7213622713188776,0.44985694092943773,0.4324602592167942,-1.1530233770643386,-0.5373672514462028
medium_blue_glass,-0.18243303212936354,0.04984738066811846,-0.032912847994440074,0.15178703466811416,0.590328150851456,-0.9150491072294714,1.8502779811416568,0.2828384460710853,-1.752245908278614
medium_blue_glass,-3.4166526639099977,1.3844665377505754,-2.2967371130090233,-0.28247245880433364,-2.53059129718778,-1.304346760810833,-0.04949465605080693,-0.5378267687209198,0.8081735119300698
medium_blue_glass,-3.2254999174104193,1.4324320211844952,-2.990863398042798,-1.2298654596391236,-1.2789603905834594,-1.850955393128287,-0.43083880775523226,-1.7470353870384425,1.6929691069933352
medium_blue_glass,2.2962158268858803,5.524148999272063,-0.18199862669631686,-3.0300013635876155,-3.0441820178939865,1.8884370393862688,-0.7182007704582489,1.4295455620124569,-0.29651597455120204
medium_blue_glass,5.161040602530958,-2.3117949778395817,2.6865081901253776,0.9393410423909014,1.056937471140797,0.8342000712723785,-0.45328403560692876,0.4012469667516603,0.6217679955720007
medium_blue_glass,5.374800143918203,-3.1690202841872646,1.5125072651784284,0.44690719162224174,1.1264604401959106,1.5157175713503561,1.5864164938905947,-0.026024398788798954,0.9356947475902291
medium_blue_glass,4.064728029378823,-2.5173159703036325,-0.04379630802114386,0.37013468096942603,0.9351856629893318,-3.689463527699359,-1.4037292950887352,-1.9009087938299123,-0.8597511499928253
medium_blue_rice,-6.846719880582105,-0.9714381138168035,-1.8790741562905935,0.6880146295824889,1.1884795929920122,-1.4251338656340133,-0.12903143572328207,1.504069492673076,0.6566046143390409
medium_blue_rice,-4.246443333440359,-2.7811666047034653,-1.7484876075148768,1.3045828582830885,0.16489584523919604,3.1047218725853893,-2.7424986558931264,-0.7859401066516258,0.14916175425566763
medium_blue_rice,-1.4199047721371265,2.1434173765433537,-0.9901234891571375,-0.52731609475917,-1.2224252970549656,-0.20930336719986212,0.10495863931482359,-1.3970970764118649,-1.0147620224488807
medium_blue_rice,-0.23714771835318468,1.663622137834867,-0.6415792259815623,-0.5424031202778629,-1.530748916692911,-0.35784217191438705,1.0191330319347134,-1.0924000447599664,-0.6580011873608946
medium_blue_rice,-3.0583761936487166,0.8471990637973383,-1.853808014544553,-0.44560557085542524,-2.2802094854347748,-0.3094956584147949,-0.48199386521198057,0.3644129533201592,0.8071851924493109
medium_blue_rice,-3.1240570537449077,1.3271974705560492,-2.500881378477593,-1.092012646375719,-1.9998953658675385,-1.3217747498347578,-0.20985683844226505,-1.4084767883511031,1.5411085883208409
medium_blue_rice,2.6999690672240844,4.9672646131966225,-0.03821075337980863,-2.5875587547303143,-2.9933341281887933,1.5658860089310387,-1.1258563085149484,1.1582822654671,-0.8729426451920842
medium_blue_rice,6.0825385504175244,-2.610866533661842,1.1155921504382027,-0.15344964818922494,-0.17296366107979172,1.310875094676909,0.5789382954945709,0.38413667690175374,1.4408263388258538
medium_blue_rice,5.438827219990426,-2.8240992907626246,1.5007819910485587,-0.02690213186197774,1.0641658184916094,0.3370737532115113,1.2226571970264852,-0.2767262947737297,0.34499099565311786
medium_blue_rice,3.79922578476209,-3.9197571545841154,-0.04543201994475754,0.7877307407465451,2.2110543243990763,-2.814891640659027,0.19840787572902568,-0.7642234549448734,-1.8363382414956302
medium_blue_beans,-6.776441915715157,-0.6972892340765807,-2.0630454747264686,0.5710718754607351,1.0741526105399202,-1.436530945822642,-0.140264372821569,1.2209368515036148,0.9169368662931172
medium_blue_beans,-3.894354399219193,-3.6410310873396954,-1.2760900615838418,1.8679577536666843,1.4320298334054886,2.798467268496986,-1.7986301454014435,-0.24657112365399095,-0.872070129842427
medium_blue_beans,-0.4404328606894279,-1.4579043662939475,0.3081506450401538,2.011253496162868,2.314558954962715,-0.27431237657481355,2.1180284866300507,0.5338026025683966,-3.953112754907379
medium_blue_beans,0.11874378778140357,0.7411175514996462,-0.686302587628831,-0.5218312281661994,-0.8134697044894043,-0.6421155072073728,1.316196517492887,-0.35857847630283446,-1.0376449701194048
medium_blue_beans,-3.6473735828546867,1.7063505895167221,-2.4368433440467037,-0.7547813449207843,-2.301166721851141,-0.9399805135992259,-0.03414015255885883,-0.752679958097321,1.0368839542509916
medium_blue_beans,-2.357706282934598,0.0634831146363846,-1.9516094187639959,-0.3280543560069464,-1.1007750709473352,-0.45724022065869946,0.4170552219383761,-1.2514135801188722,0.6100564063750105
medium_blue_beans,2.3865785933933634,5.2952237496919174,-0.1059847103379377,-2.670812636661276,-3.124051659942369,1.9334538634151517,-0.5761710644064034,1.4685182722062982,-0.23773677543691113
medium_blue_beans,6.414020217881041,-2.939427681388303,1.459137298389655,0.17029667311185764,0.47118302873990386,1.0871396873955226,1.5018843348137672,0.37153647239085463,0.7975822544739037
medium_blue_beans,6.120066421915319,-2.971925070611705,1.401819530094316,-0.1397451158797169,1.0709402741508884,0.5454513846299835,1.0348284188142334,0.12054659219781323,0.6973624817114745
medium_blue_beans,20.381476085420946,40.36240995678665,-16.928465736127617,40.5406044613902,3.7693129414852957,-0.28915344905099927,-0.9209007808431807,0.3198337198089878,1.0864338186155749
medium_blue_screws,-6.6172849231072615,-0.5109949003675451,-2.2913562138347556,0.39196501485236235,0.9222295827717198,-1.3660980148359347,0.6020276772762934,0.7256765565717854,0.7473772232056787
medium_blue_screws,-3.3476859935464556,-4.051880991441406,-1.4335954890620806,1.8776767850806153,1.3974560116010428,2.895599681246255,-1.9658665250041172,0.11830081980385834,-0.7551511942256093
medium_blue_screws,-0.004118818087741951,0.4982122377610102,-0.8620200019049559,-0.2840640162666483,-0.7477164578587358,-0.27830458195490937,0.6982976094803791,0.5040360980934887,-0.9714247756999497
medium_blue_screws,0.1853234749235267,0.8701254639974972,-0.6833049360021645,-0.6285460338279333,-0.9836431487947783,-0.43263699131712413,1.0829842963447716,-0.1177273725822751,-0.5177950933412151
medium_blue_screws,-3.4125701136068574,1.0895235898914404,-1.6800473935304348,-0.03507551028250504,-2.8966749606548503,0.27098309062269976,-0.9465140440771703,-0.043256453581454635,1.593677309800037
medium_blue_screws,-2.851148850189644,0.023559870894755943,-2.357420694081233,-0.3823721896586435,-0.9157553422627012,-1.5318552031564654,0.12258346277893561,-0.8604720762216718,0.4192414988849952
medium_blue_screws,2.409180473253267,5.005771177187839,-0.10909297597523081,-2.561430725724591,-3.2083505494740883,1.5371510804024304,-0.35722629750097856,1.273556793636838,-0.485606096673082
medium_blue_screws,5.879383782041128,-2.3456163076696046,1.8821556750575135,0.1651532684230836,-0.21605252345280435,1.5764217728198897,1.3305540549937018,0.323226260692462,1.1368729321655502
medium_blue_screws,6.27460591000959,-3.3051528957459175,1.5363362093968154,-0.0801668802341935,0.5662116353412783,0.4927996126008809,0.24815948984775557,0.43599490437480104,1.1895996098486241
medium_blue_screws,3.999975766562616,-2.8662106932343927,1.5025128787692752,0.03787712457816372,0.2096375867239382,-3.94242871751847,-3.6199687473301303,3.6468575444906683,0.3347687576844631
heavy_brown_glass,-6.3054268952621175,-1.9419024068636532,-2.087305269709195,0.6901339053048583,1.8373008079872755,-1.7126914369109651,0.40320824625776747,1.5599458816809162,0.5396444300017059
heavy_brown_glass,-2.6396453901265415,-4.019967955417063,-1.303272885246856,1.5952593764387295,2.0729042829930346,3.2700930305475833,-0.5090118822681277,-0.32490629450556946,-1.0721521750204148
heavy_brown_glass,0.02799216515108153,0.008910161376525564,-1.6682958174680547,-0.15396526277106617,-0.7069201788399466,-0.8221434572106877,1.5570507315171538,-0.986823006512253,-1.624495920363675
heavy_brown_glass,-0.27729541888490733,1.4568275853375579,-0.9006895785007976,-0.8309767161347892,-1.855596981839489,-0.3194537833240494,0.7393855761474334,-1.066909077058306,1.1392427542296097E-4
heavy_brown_glass,-3.502758198658578,0.2955043706106285,-1.5724907006664557,-0.09388155890858038,-1.812393655158685,-0.7693920645354893,-0.18195904173143113,0.2882455682315114,0.8648023694626599
heavy_brown_glass,-2.6735516116753044,-0.5938591660003942,-2.3085526189086223,-0.4154863982907338,-1.012378606959043,-1.4329025892399034,0.3762325073479913,-0.3671992572808868,0.06335028137168348
heavy_brown_glass,1.549288505956366,5.673378388830008,0.33539990263362757,-2.7217968153581062,-2.9683666503506667,1.4491371985077566,-0.8328648958371107,0.9537616592937683,-0.7256506245730453
heavy_brown_glass,6.3130139655062765,-2.928685014909497,1.976287800068531,0.006148063345185177,-0.375781560417766,1.7196701512816435,0.8153698949379131,0.02784394470170285,1.6885802545515942
heavy_brown_glass,6.008507540007221,-3.5474467720117353,1.413417849147086,0.24220937803779244,0.5222571946702385,0.9840514190533768,0.009976735078107826,-0.9816988229561325,1.1450689345458305
heavy_brown_glass,4.084415050404453,-2.6145995014758703,0.3793643512581125,-0.5894463697921408,-0.22833606388085306,-4.8007827667872265,-3.6979126064468213,1.26705355462185,0.5166094986981157
heavy_brown_rice,-6.437100398818982,-2.203056398553582,-2.2804727844076953,0.8462802531670969,1.6955196391691594,-1.8575235140589754,0.553652833887939,1.3660368956329885,0.48103787934241476
heavy_brown_rice,-3.540378947652073,-2.6854777526601596,-2.1708419587701977,0.7030786688162093,0.44680515724912534,2.7786813276442572,-1.3814057088021752,-1.3229675882929575,-0.22530667625767858
heavy_brown_rice,-0.17935073292703543,0.15904761234294895,-1.4004983599828265,-0.02723802491750313,-0.361683985413312,-0.8701106351189918,0.8035574524500648,-0.8075228602419586,-1.5684085931450387
heavy_brown_rice,0.1308475522949933,0.012567028150135981,-0.6849792703502339,0.03851642839372387,-0.46022521610306777,-0.7861600341839715,1.0471382472076372,-0.07077298643212575,-1.09886395108192
heavy_brown_rice,-3.6801175725166564,1.3865336167861007,-2.1585299627858654,-0.8172638293027168,-2.8092661057424633,-0.18492069043952636,-0.45323561374489013,-0.23379367809244112,1.6146785367789878
heavy_brown_rice,-2.456862216944212,-0.46128196150846174,-2.6660482413431077,-0.5598710224461563,-0.7777278808593505,-1.5788804514636936,1.0515926895174958,-1.0174347383322253,0.06170197005831281
heavy_brown_rice,2.431663147065185,5.010438062454408,-0.25715145493317915,-2.9820113164731246,-3.033855909842935,0.9107748935222562,-0.37703372156452947,1.016382356917807,-0.7495576302677687
heavy_brown_rice,5.894252723054549,-2.8286074699460015,2.0047255687490226,0.31511921929178277,0.21204538863501926,1.0900744539594118,1.050038005224776,-0.36765984820729064,0.6827054534151461
heavy_brown_rice,6.289458370232904,-4.001205443043134,1.5210693657222991,0.47624651069383,1.0610073544189091,-0.38598981626096746,-0.4756557262208896,-0.12820391838604767,0.47252802069625105
heavy_brown_rice,3.822846504983226,-1.6147415925881015,-0.3305799816018356,-0.5588646873894225,-0.0842612042185643,-3.435552028239382,-1.7115961756817442,-2.2675104752478346,-0.3913723186478849
heavy_brown_beans,-6.335223459464114,-2.8136600706495662,-1.720176427280214,0.8549497775753273,2.566257964660044,-1.1981083984213365,0.6336731839141437,2.7186915048456455,0.128742991833398
heavy_brown_beans,-3.414185691873495,-3.276020723938535,-1.700172744366633,1.165036482042704,0.2183549817337893,3.4397025807986097,-2.1047347705154413,-1.1834763539667505,0.17890332948210352
heavy_brown_beans,-0.41741793106395886,0.6376018487605634,-1.6663329315488549,-0.3147576672255442,-0.9837480552015343,-0.7381958028262774,0.2976318856670119,-1.394417458786788,-1.4051895084955557
heavy_brown_beans,-0.01735843740528684,0.6414043719875581,-0.7629806400395425,-0.15817596198280867,-0.7180220814264057,-0.7718535690517226,1.2082402022715775,-0.8200004598672679,-0.6963823840981485
heavy_brown_beans,-3.9849851175605093,1.3665707267818896,-2.2479778943278568,-0.6679360690575088,-2.379315639941886,-0.5904809191180844,-0.34596051547346185,-0.437018352311754,1.4170073760879867
heavy_brown_beans,-2.6935830940660694,-0.05455976637403271,-2.5291832802655128,-0.5769188652656045,-1.2786803339006572,-1.2667639117854383,0.34855580798281616,-1.0267557023533722,0.4207958126281097
heavy_brown_beans,2.262843312059083,5.18301202419613,-0.42477662797710464,-3.4641755895987694,-2.673632107896236,1.4113518216788732,-0.3286295170913138,1.032081401702509,-0.3693831947354713
heavy_brown_beans,5.80752433590553,-2.919795622363648,1.6720025257167481,0.47226260674696635,0.048328724378652016,1.739569186083003,0.5371130656271819,-1.475405712090609,0.5873324389043997
heavy_brown_beans,5.86986583412149,-3.5933396482810522,0.9349705695047107,0.12346173139799728,0.5390115754346633,-0.6131631402210014,-0.23167145247799575,-0.5558514150277789,0.9181583448584026
heavy_brown_beans,3.59294228324205,-3.5385470315153733,0.4788356236890381,0.5447831113216124,0.234126234145213,0.9448741072591197,0.11428230993623241,-1.955570792763003,0.4830862875663416
heavy_brown_screws,-6.677925256614863,-1.8800580661224275,-2.2162513283300913,0.4462044755269795,1.6836245777514922,-1.4746219178044653,0.07176968133636041,1.7963822329917751,0.7712991246761207
heavy_brown_screws,-3.1443394690678206,-3.251286772702772,-1.8419780906107517,1.1641471071700846,0.5060257229433428,3.318303357057646,-1.5125435927928736,-1.587676489865092,-0.4689167498970813
heavy_brown_screws,-0.22502835185749134,-0.15565251352016857,-1.3949855367782489,-0.1055133967443587,-0.4457381176154681,-0.7773453337876156,0.6143647583906496,-0.2674662540900609,-1.5182582242697582
heavy_brown_screws,-0.12885284571947864,1.4801216774556158,-0.7474344591706132,-0.8623972669884997,-1.536998789636065,-0.27339711392104804,0.4518013083334442,-0.9267535783270024,0.1094673231154287
heavy_brown_screws,-3.9159614012865887,1.1923186788783706,-2.020188633851086,-0.5843045725050007,-2.7391046703798825,0.2743720470749112,-0.8091745722032037,0.4336251681864414,2.3292010514623307
heavy_brown_screws,-2.9423829663310577,0.3418373276607423,-2.4080672370368297,-0.9277444214484155,-1.7930202017608234,-0.4524093660047287,0.3034616273624875,-0.74933548114606,1.1253124754050468
heavy_brown_screws,2.522487572022461,5.114921697629341,-0.5765086307782517,-3.161397452286536,-2.8137837871375333,0.7276172255807253,-0.23092978776354017,0.4067031797435061,-1.1917293434432614
heavy_brown_screws,6.044110734122512,-3.0605754848024707,1.4262496154948623,0.312470149457292,0.20946353487337155,1.165678802352994,0.6868855917001284,-0.7201563875012502,0.6534054193055967
heavy_brown_screws,6.176740902800226,-3.9192862210463817,0.8052557157330842,0.24958035062945216,0.6125528271101489,0.5373346232920108,0.33022881094990364,0.0036027294242763352,0.5399923326247923
heavy_brown_screws,3.841368278216888,-3.7407195076786595,0.6890824346322397,0.6057970528263226,0.4665507418725475,-0.10992478792571538,-0.32365404108307344,-1.5154389806890194,0.5800736068304622
heavy_green_glass,-6.188743357640915,-3.5297620619105716,-1.694316815873536,1.597052203933976,3.254035901943032,-0.253382370218462,1.501534140202493,2.2018413880628342,-0.7054497479946672
heavy_green_glass,-3.2989455607317293,-3.1336613912909357,-1.5910532620626856,0.9305957050820233,0.2582295622439308,2.948991825153648,-1.9854824207503827,-1.2598375375028825,-0.3283049607869238
heavy_green_glass,0.013832170517454681,1.12438610334232,-1.4732181494082077,-0.7419591158849664,-1.9633080913318735,0.230392594045895,0.45107535363593154,-0.9533891125396752,-0.33739338601695035
heavy_green_glass,0.0927000866288682,-0.16535484781898124,-0.686157051120608,0.1390886905514865,-0.1761473726286576,-0.6604438304962019,1.4546430152160383,-0.16151008053228388,-1.3514705112018066
heavy_green_glass,-3.731910898120849,1.0847369746901339,-2.2691119335316916,-0.5285867432061047,-2.5153535755060754,-0.565857985032257,-0.7882086355752134,-0.5172054907053547,1.5241705895137405
heavy_green_glass,-2.3083608931496453,-1.551481379760297,-2.5340236873513424,0.17379451049256012,0.3321484817806936,-1.5834703830971475,1.154675401695098,-0.24180547183354545,-0.6493879679304121
heavy_green_glass,2.388116848755552,5.134054418824034,-0.5314849174330285,-3.400746133699992,-2.9664566386652793,1.1504425170574966,-0.062076726695665156,0.8085978736333176,-0.7604255742346777
heavy_green_glass,5.905144046569263,-3.198878651792865,1.3587711179903235,0.6325668035199622,1.310531536812702,0.41749922562296804,0.8108805495931164,-0.752460710700721,-0.003107797600587196
heavy_green_glass,6.815111336075494,-4.21716586370412,0.24909878351071446,0.6447050625176938,3.313598082834199,-3.693785496156627,0.7014860010760637,-0.07206792776939908,-3.347303456351991
heavy_green_glass,3.8514533604271963,-1.6447300835088288,-0.05643794933164571,-0.5564371913729738,-0.2612478944248025,-3.9001765029305515,-1.9522857549047163,-2.2784174907546775,-0.0306290003968906
heavy_green_rice,-6.946841277392857,-1.2509722835441908,-2.498136824368137,0.4957771398422629,1.667460808309298,-2.004048764879573,0.03047933932458778,0.3428825030923274,0.10740695935769703
heavy_green_rice,-2.910735810197379,-4.278226919823306,-1.1881378869705181,1.6833623813529563,1.7142046495435652,2.864447660471945,-1.1609537051503946,-0.9202611221419809,-1.6597710408348876
heavy_green_rice,0.36409097968180376,-1.4579309783687013,-0.4598391187724976,0.5734294858049428,0.6305797001918939,-0.20403796157576023,1.4206938386269088,1.462716881717693,-1.9586145185272579
heavy_green_rice,0.20664134498216802,0.19231227421725544,-0.8948864557320535,-0.19866822041050455,-0.07676796857549953,-1.3410320245150318,1.5860352796160997,-1.1080679329651535,-1.8900026799335075
heavy_green_rice,-4.023236991635763,1.1690706952767334,-2.393465403765854,-0.48653976382718767,-1.972944787975911,-1.037707703481314,-0.7691225469632502,-1.1166196948469063,1.2137028398720284
heavy_green_rice,-2.6529993704352894,0.39554918291615077,-2.4917565642137625,-1.056001843818121,-1.6419142241545275,-0.6877819146333477,0.80674146737874,-1.6423338590222896,1.2032179094371138
heavy_green_rice,2.8052042830122303,5.085444822609043,-0.1374171265102973,-3.1876898041110224,-3.581125250511125,1.5494736592917049,-0.41341369644203113,1.483685076310662,-0.4529435124894926
heavy_green_rice,5.725775038732742,-2.8884290044873584,1.8074990853537503,0.5129637154584473,0.9110160861488305,0.21839984912155957,0.0927308982223356,-0.8270770123205256,-0.15393893315501359
heavy_green_rice,6.087004758624421,-3.592572256786046,0.3452881772098803,0.16340029416800908,0.32750789677449854,0.24129636060777018,-0.1626057810267514,-0.5183225579147948,0.2733576532158247
heavy_green_rice,4.305848725589403,-4.0563424216213075,0.7881796428227376,0.7772861275974,0.8201905927013299,-1.1400719081140398,-0.6277808380451766,-0.6380067059707255,-0.3327828921098046
heavy_green_beans,-6.4695970084926175,-1.7852407725183537,-2.3423187820966884,0.6507935370234496,1.437140437584642,-1.6887328270877684,0.4066691867876334,1.3670902098451432,0.41520484855997014
heavy_green_beans,-3.4878352142015006,-2.8749196268462884,-1.6551158263296575,0.9873008796765055,0.613846220645249,2.9752240509639227,-2.158036400435262,-1.5358716717223413,-0.5322553894523805
heavy_green_beans,-0.30519948445518946,0.09989818424726532,-1.5972617287553221,0.09728282697237875,-0.21304582230042435,-0.6462950702554182,0.878095158671692,-1.3851818327914713,-1.8782505806080156
heavy_green_beans,0.3596781295908978,0.5403287994472105,-1.2604089196242507,-0.5426511264210123,-1.1653758750771626,-0.8353083910339939,0.9208727834672233,-1.00282200834707,-0.7974362124088747
heavy_green_beans,-3.496788854677858,-0.14027519590763904,-1.7943089249781763,0.4198046444076747,-1.2175343386555413,-0.7903524400235006,-0.6308278966464486,-0.36851921310146085,0.32673567516510543
heavy_green_beans,-2.5818800334161636,-1.2770845755705598,-2.482497589427936,-0.11062023351933227,0.5368667265169338,-1.725729967938631,1.388199708206751,0.35552832790043404,-0.3227115704578443
heavy_green_beans,2.6111094463192934,4.964859222156896,-0.39499301538594034,-3.2604628185386657,-2.987166610487033,1.5016209130689646,-0.31319797643069774,0.968816070583861,-0.427188455690382
heavy_green_beans,5.4684191906361885,-3.141524395140444,2.098871721441779,0.9684912980004893,1.026527567219856,1.4936862471514805,-0.050999207096565,-0.9668922185894452,0.6606090459548994
heavy_green_beans,6.142441105305821,-3.789359001821773,0.8071562710019143,0.30586454898495785,1.0583504083605921,-0.06359552114505485,0.6140778727792178,-0.5813674917942612,0.2813173151939604
heavy_green_beans,5.086269225954231,-4.039913687324967,0.924300652876531,0.16916192817805253,2.360975981074836,-3.705530319024347,-1.5682435728017912,1.792970119161932,-0.28043679358878826
heavy_green_screws,-6.3571241620497485,-2.348535816890713,-1.8044279427037238,0.7369426214902924,1.8715422605815966,-1.28755269897943,-0.3129324318303669,2.290372015735305,0.3893726271376214
heavy_green_screws,-2.717721612968617,-4.2161820283123195,-1.1173492437788661,1.5297309339717966,1.602963632332584,3.643428947470681,-1.565158097401643,-0.5517496992301635,-1.2905408189720717
heavy_green_screws,0.2721990124696529,0.3178969347532336,-1.640320838019949,-0.5423445266304286,-0.8728824217052357,-0.9436512162612912,1.1199778331230088,-0.9168156507454294,-1.2703998837023747
heavy_green_screws,-0.04144742876464667,1.0213614463150766,-0.9979377626508197,-0.6093399318797084,-0.9788402316864468,-1.2984981425757844,1.1236777577612629,-1.2695678807802462,-0.8562735668679504
heavy_green_screws,-3.6285343620122825,0.7490632772355781,-2.3537833523549514,-0.21760458616148237,-1.7698471606739794,-1.1051007087875746,-0.4351000512076805,-1.0515438018346661,0.7289253812612746
heavy_green_screws,-2.6543441621759687,-0.011046419299949362,-3.030513833600465,-0.6626194375134242,-0.8709578128366438,-2.008134544251144,0.9816136006601683,-1.2037065568636152,0.22248758423186982
heavy_green_screws,2.460911910604016,5.368634743646075,-0.4759488542423121,-3.393771237140477,-2.582861966090598,1.0747560254013995,0.05317708882466278,0.8026770730458866,-0.4934530016963232
heavy_green_screws,5.639497899842373,-3.3424749155520734,2.1604848781395978,1.5263363093065643,2.570841851320887,-1.4091440843460399,0.0937028710464588,-0.7989770891434635,-1.2374499700213626
heavy_green_screws,5.885346317138488,-3.981725828570707,1.252041858828789,0.5812650097371765,1.139113321711178,-0.5091738028976097,-0.6719323472611665,0.17748630367752208,0.6325121718146999
heavy_green_screws,4.632148804564776,-3.3584958057964185,0.8170390915357549,0.09436165718636708,1.3716007247896769,-4.938127125448737,-2.3584966095176174,2.124268274582561,-0.39366356169151273
heavy_blue_glass,-6.668208049559195,-2.7456628163441095,-1.300764488885696,1.9448211214990838,1.5613170454572798,1.3768578017384732,1.4850629318085988,0.6676337030789998,0.6585681958022785
heavy_blue_glass,-3.2076936188040253,-3.578591960149634,-1.6160478045612434,1.5376518722690442,1.0437753514043102,3.342694681691081,-1.8182075648777734,-1.444438544002169,-0.3919638039164891
heavy_blue_glass,0.16597602016535581,1.530350215569379,-1.590099835237047,-0.8273018265481087,-2.7390487297735895,-0.5045268143402495,-0.0771890713863306,-0.8418569811975849,-0.4065248350457133
heavy_blue_glass,-0.12169912537442622,0.814713084560744,-0.660725280384774,-0.17675722041765504,-0.9189961598477956,-0.6599370375970479,1.1645084287487646,-1.1090650390921524,-1.1281400275892917
heavy_blue_glass,-3.642477136955627,1.0947500351758346,-1.9581898132683435,-0.16851355193656742,-2.3348175287071413,-0.7762226800043652,0.12406332040456577,-0.3532373914591181,0.9908468787210465
heavy_blue_glass,-3.143775443966724,-0.48789741786394514,-2.270722330147381,0.22935662104552149,-0.30364771997594303,-1.2485972688398974,0.49089307077292244,-1.0914815565838374,-0.1904452963071421
heavy_blue_glass,2.7352558042859525,5.139379196846268,-0.5942014231839586,-3.5315540169059907,-3.209901388655854,1.3182202008436499,0.027415906127659852,1.1113245875070876,-0.5599600008123787
heavy_blue_glass,5.91783116877011,-2.6089905513632337,2.29181444867548,0.5353579427109925,0.31642804480660836,0.6445063802739628,1.1710050422045046,-0.31797848706330606,0.5840467575243773
heavy_blue_glass,6.062283670459986,-2.9607077391991594,1.3218019626744204,0.06509354041404147,0.20955179102668142,0.7056464195053544,0.24224281049453952,-0.8390636898815734,1.2958263893197
heavy_blue_glass,3.9049855249326155,-3.7325011831007235,0.4300012636231858,0.42555825929686397,1.6325105871795647,-3.712694417248346,-0.9043230447045559,1.3284087926705324,-1.0904201364366595
heavy_blue_rice,-6.854832219773077,-1.1947382411326353,-1.9381350787228209,0.48091914587041,1.5948798632065835,-1.6132926927458788,0.21321137058721884,1.4373071831526083,0.5405726321921087
heavy_blue_rice,-3.3889244940922794,-2.8156438708433873,-2.034235325138312,1.1125022700134095,1.483303980332926,1.7796980483935807,-1.7814939665020768,-0.6363575692934123,-0.2286690865598423
heavy_blue_rice,0.25266334619266045,0.36951465304422526,-1.8200918290277368,0.0050172867481391645,-1.4223284427273029,-0.28251830533866507,1.1892170219895994,-1.076571460673607,-1.3622058554492424
heavy_blue_rice,-0.2228452928292885,1.403405384584644,-0.663106338206042,-0.6995969342929963,-1.4695235663569481,-0.6413997845835212,1.051938422587108,-1.073084195075342,-0.4321704371920427
heavy_blue_rice,-3.4174550147997276,1.006155862783186,-2.2569427325375977,-0.4494830677597837,-2.306418122356117,-0.8969431202496121,-0.06587963784190959,-0.6338339470771183,0.7890494095888114
heavy_blue_rice,-3.2491699738815223,1.166598869712039,-2.7596607769347585,-0.9961764190334662,-2.0656872255681256,-1.1596961371812937,-0.14823936418389622,-1.147877211021895,1.3387122425646656
heavy_blue_rice,2.63149335222381,5.097808959029403,-0.5530965169926242,-3.3489793964932595,-3.1542166484222975,1.1182466718787272,0.08294243403052917,1.0673412740725252,-0.5312510635343329
heavy_blue_rice,6.260235536938776,-2.7623860093195707,2.1628003916216114,0.3453885891006579,0.07779341350258047,0.9056449334342223,1.2037427896749364,0.021674901773297117,0.8202170765375847
heavy_blue_rice,6.288513871519694,-3.529718456816752,1.1544099602478024,0.06047551520337165,0.8037061327164559,0.4692177350194038,0.8407037316819677,-0.4841540678159415,0.6231934709878059
heavy_blue_rice,4.085486165554026,-3.6009297512627008,-0.18806964164223305,0.30357950098727854,1.67284672668188,-3.5953100231965855,-0.3845878321629257,0.0177234562341414,-2.029078886002712
heavy_blue_beans,-6.490210408743688,-1.6698300736984388,-2.1427289497069344,0.5673473969508059,1.5007833164354378,-1.6827503153126309,0.010842987663952655,1.718828756715822,0.5075073489656792
heavy_blue_beans,-2.924811025543683,-3.0858198813231517,-1.731637050791259,0.8612670721644,0.11133736004088143,2.9758701698519197,-1.2958461837761657,-1.2628887079927318,-0.3806098402913771
heavy_blue_beans,-0.10190144800029557,0.03989700221842955,-1.4896075195756275,-0.08750760589241197,-0.9670494631932521,-0.6021600820023547,1.7018360379228628,-1.2767181207356486,-1.8108181838344073
heavy_blue_beans,0.07063177844995366,1.3098375583149362,-0.6028415992782976,-0.8075978711522337,-1.6118418408478987,-0.16315552904667346,0.827199214192327,-1.419117603688313,-0.12399721064672381
heavy_blue_beans,-3.571409619169048,1.4142825715401373,-2.4068765860110615,-0.8728129263419164,-2.647390846295493,-0.6905814590876533,-0.011186941057539534,-0.421726848689562,1.6084843072729822
heavy_blue_beans,-3.2822119137659014,-1.0133512781424887,-2.2362135022825664,-0.05433599431541903,0.016552881240428353,-1.4499507709148902,0.3443906462347193,0.5461435824428729,-0.1957830853574025
heavy_blue_beans,2.2775298030412006,5.479678542879279,-0.48293800490079464,-3.270021162941025,-3.1146682721793693,1.3058463851567073,0.23190549689048712,1.0347274422693113,-0.44343232278158495
heavy_blue_beans,5.997038100852905,-2.5904917213090775,1.6905226786081788,0.005446551250244951,-0.1378904648864187,1.6444862349216267,1.6115737221686088,-1.1152982670954674,0.9541565908253242
heavy_blue_beans,6.018585316409692,-3.1758631911539483,1.2561234208007408,0.10706497430601405,1.0079106935265705,0.9345003174965489,0.9625822840303506,-1.1600345214732974,1.0074148988330738
heavy_blue_beans,3.875079648781721,-3.230372800657797,-0.3694947302315036,-0.005356093674881823,2.0450956891348238,-4.089474453031164,-0.8070080233882932,-0.2831313430087106,-2.2583663859020806
heavy_blue_screws,-6.015361280898152,-2.77693095378308,-1.8869283515769522,1.3421629874437335,0.8927885316705048,1.1617689032092586,1.5348448406616066,0.5149084362841496,0.9794968330781392
heavy_blue_screws,-3.1512720596788824,-3.048103636655177,-1.910032293190019,1.1071186313637373,0.6138425178507988,2.5326589514135605,-1.0398045765078792,-1.5638358961294119,-0.6427864930439745
heavy_blue_screws,-0.09192568014549463,0.32524839635868735,-1.4623096234033146,-0.3815726341311038,-1.0467390312726303,-0.4121488040626507,0.7697734577016538,-0.5459257955956658,-0.8201318446521321
heavy_blue_screws,0.1827119886595585,1.2906659829990468,-1.1641097986559652,-0.9981429906565954,-1.984116001933451,-0.37049414872064923,0.945340462696715,-1.4578296475458703,-0.02701077675384177
heavy_blue_screws,-3.2589807708225744,0.06847039607606834,-2.1550240603955224,-0.026532725650632413,-1.4034630905294165,-1.4911458544093406,0.35253022191156064,-0.4502285661433213,0.13904770959922289
heavy_blue_screws,-2.942105726852336,-0.24798265562617824,-2.4727975436957896,-0.4686477567280014,-0.8498765309860365,-1.0586995699379198,0.46756277771101395,-0.6541116470756664,0.2496660857125608
heavy_blue_screws,2.24328981227617,5.266434153629527,-0.04419515705178816,-3.237031612732217,-3.019482015328292,1.7005300300710635,-0.20330114196000237,1.3909167041107102,-0.34421447264985
heavy_blue_screws,6.102205246386446,-2.632508878891661,1.9210966073604143,0.15208665432409402,-0.45046833967633293,1.6378583865750078,1.7083508171039385,-0.6124253420423682,1.1212840099348078
heavy_blue_screws,6.071605330250282,-3.3764199849133334,1.5240571730740766,0.2318489679405646,0.25393768251456533,1.270851097952211,-0.08037505586116597,-0.4296835835662189,1.579883099656054
heavy_blue_screws,3.6979161994032284,-3.27873532080126,0.08350281285588018,0.18332676311004248,-0.13821184064017797,0.8030576994352593,-0.13995520245299872,-1.1025722940145146,0.5684895802548708
