light_brown_glass,3.0308124108059844,3.2179517815818506,-3.7066983797908226,-2.559388943765055,-0.7339377343126292,-1.3681525460782316,1.010249077657378
light_brown_glass,-37.197197651938446,3.107735968921527,-0.5400258865834355,3.1107920161588476,-3.0044760177764505,-3.5476361034801247,0.28372155074709354
light_brown_glass,2.0177337121730727,3.988280226512235,-1.0039089669325123,-1.8964966794758706,-0.3415078680001319,-1.687140787997094,1.150704976146383
light_brown_glass,-1.6937094736673102,5.3651820083995725,5.499470380912661,3.830092613758558,2.8881975487550178,-1.8074149214894968,-0.13188255762338807
light_brown_glass,0.9268363737945255,1.5580300452345401,-0.928536009765097,0.31935337320954793,-1.3145108317896226,0.0038208358265218855,-1.6385799784234185
light_brown_glass,2.662755092027867,-1.1419415252516523,-1.065660433752344,-0.27772713152284484,0.903231543488869,0.6657654688186618,0.3496116856028663
light_brown_glass,2.1486799000632897,2.3078090699071705,0.5393792597305656,-1.7856016837124706,2.0246640570358387,0.4305011313523842,-0.8195421191065625
light_brown_glass,0.9211782233531357,-1.699782819987292,2.5209365595744435,-3.555968647633412,0.6308116470094505,3.079218505008269,-1.8764546584863435
light_brown_glass,-0.2614744703255397,-2.8701310432927722,2.691507891440624,0.4202737167273113,-0.48530881577797014,0.18781430579690467,0.6809184452546593
light_brown_glass,0.3668941079718651,-3.188138001929866,1.513917816672801,-0.6951625638197336,-0.739214388297289,0.8048380649746959,0.7611707672340349
light_brown_rice,3.2730425084830803,2.1924154678112426,-2.735636126447937,-2.7067494251899546,-1.687242686250325,-1.9467524199440727,1.0780395768983642
light_brown_rice,-0.3308662776547578,-2.58876860400898,-0.08799480507215329,4.803330075518927,-4.214157716684015,-0.23696156921623884,0.12908057813638302
light_brown_rice,1.742008143378636,1.9958432607500225,-3.1163718449377047,0.35287500370273367,-0.009660053695587922,-2.2874332222559977,0.04371190006529177
light_brown_rice,-1.0396954170363957,4.911076793862272,2.9863870698803456,2.7570641442728974,2.4508497751603655,-1.017645490610357,-0.04267996922288429
light_brown_rice,0.6181909911686182,2.1143008791876445,0.08085014556744344,1.9028603353898945,-0.08975627208971448,0.44785490661946553,-0.1075184436825552
light_brown_rice,2.614940434837373,-0.5467451085427766,-2.379611321406541,0.6163173439713288,1.0463501521322593,1.0976329356299164,0.5339019649772865
light_brown_rice,2.385969255310198,0.8348840118158949,0.06120477795381753,-0.6840456662589577,1.7392827232300445,0.01487287521815346,-0.9865948155595335
light_brown_rice,-6.665118900131678,-7.108338877586424,2.9459421605717333,-2.88506767897775,-0.1528383529054887,-3.639450222418,-1.5784210156053664
light_brown_rice,-0.7266850644709054,-3.1936886698340614,3.764411719283104,-0.1931842542652107,-0.12288112327973838,0.2324569889319995,-0.0828206539562363
light_brown_rice,-0.4714028931063369,-4.537027225101218,0.8189724863566011,-0.10393347996650998,-0.42290177907657855,0.13464705458469442,0.93243043385448
light_brown_beans,3.4274292023558885,4.754005018109002,-2.534069228802689,-3.0255224481584553,0.06424999922043614,-0.08227409963012518,0.6396381954518263
light_brown_beans,-4.954930360602207,-1.2993367577190535,-2.046808884223093,4.352527816189229,0.3944891746016824,-2.159688945306232,0.16787647864069366
light_brown_beans,2.0441092540309826,3.2487186729279722,-1.2408726170003188,-1.9625985502500323,0.03126625805084639,-1.2791446004233264,1.0338042719790892
light_brown_beans,1.0728730441229293,4.469115779284895,0.8865112868142717,0.9718431461507053,0.5643834558096351,0.8572549778809311,-0.5259440078181636
light_brown_beans,0.5952313585678767,1.320637307926625,-0.9708270861645328,0.9589914479697506,-0.5052096597832534,1.3417548980627398,0.3068399265661574
light_brown_beans,2.6777619446854293,-0.2838088446055149,-1.061356318263561,0.18487011581027807,0.5656576522871084,0.7310269420996653,0.6699823813818537
light_brown_beans,2.2118032488871098,0.6421831631552788,0.432062733718401,-0.5026440278435628,2.3468724180978,-0.5357018524180506,-1.2111717803228594
light_brown_beans,1.6844509543658015,-2.419123374939521,1.3567281754731355,-1.3996174460603648,0.5300809388096019,1.8703470017191886,-1.579835974797076
light_brown_beans,-0.7560045598490446,-3.9634699477467406,3.99150391292019,-1.0675023600077047,-0.38158472372893504,-0.11288557647492174,-0.4190842334311175
light_brown_beans,-0.7569709634890188,-4.99965497048144,1.4926695431218033,-1.032127350168112,-0.042586353838751784,-0.049583515639812205,0.5303646302431347
light_brown_screws,2.6950197784970986,6.543861286893164,-1.785839529777636,-1.406783150127483,0.352100398927031,-1.7862268078088406,2.4220815714223174
light_brown_screws,-3.5302857946089348,-2.408773850818878,-5.45976197779009,4.886355943954648,-1.1672245267730208,-1.6720319175996217,0.5599173659536107
light_brown_screws,1.6825693329407165,2.3831827000758596,-1.1330775644501323,-3.295145247272373,0.9345731703924871,-0.8959981585076544,-0.10316850579671252
light_brown_screws,0.002674522690520185,3.3001132612339243,0.12077822606378999,0.7247213111953497,0.7695415262461058,0.4857557617812464,-1.0948531634289924
light_brown_screws,1.5701015750234417,0.9246075902103166,-1.364015734478063,-0.28761005119768235,-0.944564719064323,1.3267638447411043,-0.1325694050644966
light_brown_screws,2.359404130813274,-0.011657602105616411,-1.593486698673864,1.3411910333680057,2.0717343104502755,4.73365133941972E-6,0.4587917681743059
light_brown_screws,2.445044998850964,1.4140645930825178,0.38387646467563025,-0.299676079246866,2.21039393525011,0.13836208772195796,-1.0139205706596282
light_brown_screws,1.0330096904755655,-2.961275981970972,0.45278131909942815,-1.0704859770023871,0.5671902464589583,0.9892520054368256,-1.6615571613363929
light_brown_screws,-0.5848065061824914,-5.730750861877864,0.2028071357597718,-0.098408700424856,0.04140857822929716,0.5344685779030316,-0.10536973663706115
light_brown_screws,-0.6123516153081194,-5.878002991366881,-1.359602627988931,0.34799668800168293,0.1239171202612416,-0.11461115394792178,-0.5589890913863718
light_green_glass,2.2113572099490533,7.5529428721819265,1.3853880219432437,-0.7074549919177539,0.07650906653029405,-1.8729751769118144,3.1758079840352633
light_green_glass,-3.9662750584159556,-0.9667948568823744,-3.5250955730275098,2.3449506948855907,-0.9441891952113701,0.4743000290907124,-0.6374590142770381
light_green_glass,1.9349286865001925,1.4418235284592804,-3.0559884735822465,-2.1255849740843518,-0.7291643107086392,-1.201457648084149,0.22944453524475072
light_green_glass,0.9776680896333998,3.888128846078346,-0.6501043963913472,1.119983590294053,-0.09606231492777034,0.07649586657602418,-1.0030241353007703
light_green_glass,1.6000106191309817,0.033846104945455376,-2.522970640185859,-0.2023057790394862,-2.085509930457502,1.367555112204641,-0.08232405490553019
light_green_glass,2.5251425963015355,0.13687049384946431,-0.9618641594514608,0.6741534753668104,1.1142213696423715,0.09396439918476134,0.7320759075229181
light_green_glass,1.84671041993965,-0.09360974414035678,1.4142006685903195,-3.2111410381778125,2.261966210026786,0.4304395652123379,-1.0640376670595029
light_green_glass,0.011228173707720293,-1.504367819835744,2.679548293664114,1.519643093992961,2.305903967810303,0.7676718837622959,-0.6007569004868311
light_green_glass,-0.6319570300692573,-3.146296756910716,1.2327844480825774,1.1890127406146123,1.4241264074063167,-0.41634418851167404,-1.0616425787995731
light_green_glass,-0.17174027972591296,-5.222275016007352,2.00704166930954,-1.5147724908301299,-1.6331960497847395,-0.7069133406617034,0.023779924953465786
light_green_rice,2.064782156401674,7.248683525741483,-0.7130953965148643,-0.7981604036489295,2.0326811490771606,-0.8147008617670974,1.6908302337307581
light_green_rice,-4.436412967019812,-1.467612893360593,-3.660040235320639,4.7253600247858785,1.0825883068399378,-1.1136523841666592,-0.17999474323678094
light_green_rice,1.8576848908914791,3.4270111056765162,-0.2820724116131714,-1.5856783273074486,-1.064340286364169,-1.8431007891322966,1.8793157904991098
light_green_rice,1.377198040514563,3.4640207763925535,-0.48645605669967545,0.5621642054512289,-0.3354896036561062,0.7336523684179389,-0.9670505901888703
light_green_rice,1.179696993968519,-0.20789160263461645,-2.5478616538848806,-0.32670868192036734,-1.3178725599591332,1.8100226598183065,0.03140970734625677
light_green_rice,2.6338422290126613,0.7074258205543469,-1.4720217970288225,0.6684436527884302,1.1994895024057237,0.8067416789544078,1.0969884169964796
light_green_rice,2.882523073602584,0.8272604385774481,0.17674377500619487,-2.189516652244342,1.4304556482944375,0.3538075983398208,-0.7546196334724521
light_green_rice,-48.39110381898777,-2.317099931647803,4.235115197598842,-4.8266308830051114,1.4951996959579652,-11.453635490727123,-2.986188414437788
light_green_rice,-0.6425175594021548,-0.7505725726621116,2.8600310801651543,2.153634617667236,3.0746019193283303,0.18483402997826884,-0.44713055218359593
light_green_rice,-4.48552731488261,-8.317927218103769,0.40915957212850157,-3.347266474477027,-3.1124518166012347,-2.684663239682134,0.34658444129673716
light_green_beans,2.9458941661660254,5.968835670197281,-1.6552150645761192,-1.4416794893938396,1.2687016161718498,-0.0428885198738962,1.2090705821620578
light_green_beans,-4.834660606692617,-2.701495486573534,-3.4406057305427065,2.8420018823494466,-0.25898309505397293,-0.7094332444957602,-0.3958197544226988
light_green_beans,1.3812390497706533,3.873147222197484,-0.05868651325131372,-0.42358563893040063,0.3791988186744163,-2.0796734821451492,1.383677301222465
light_green_beans,1.471285482668213,3.42049818319412,0.3124008620081951,1.1169328512097487,-1.0797305011844336,0.6075791542484658,-0.5667423746934208
light_green_beans,1.6111695403796327,-0.03688948213278896,-2.4232828933000135,-1.1037226131457087,-1.3579233423744217,1.719539862853244,-0.6621031185632225
light_green_beans,2.145467243876,0.07012242633482614,-0.919400611983425,1.4611884638920496,2.1567934731200333,0.243687244217386,0.8241311229197009
light_green_beans,2.7567453706883884,0.7752877452569522,-0.7235799655348152,-1.648470224205254,1.5699757676731647,0.6773021920946939,-0.934778499557027
light_green_beans,0.9312524907891879,-1.7788900962420942,0.3870297005328256,0.027193482363616357,1.691119464177212,1.7602717602585438,-0.6841568169969166
light_green_beans,-0.02288194902545496,-1.1414142404985324,3.0916309026113016,0.231319544812057,1.0415001522374394,0.5951262915447346,-0.129135402540284
light_green_beans,0.7216070664402471,-5.4686795738017615,-2.318426187587374,-0.3637673563427946,-0.9709043219394904,1.8436854810324503,1.2887244422964822E-4
light_green_screws,3.072673059191204,4.6120621016815715,-1.8489247489848297,-1.4954102948864472,-0.1269534552296789,-0.727320318588378,1.7043424552623916
light_green_screws,-3.8545680999304213,-1.8948754110171135,-3.8950286056080468,1.8028361605626917,0.3019543461239722,0.16292616312150537,-0.8423957331830433
light_green_screws,1.599540798557531,3.0263973149465113,-1.9821730192813056,-0.8788170423814814,0.10546591207076039,-1.3115334618832946,0.6090626490090127
light_green_screws,0.7410538164324941,4.2443011587959765,0.7009386232065306,1.0955408564553486,0.6791620279368664,0.31565571935202186,-1.0602277101587496
light_green_screws,1.8537452401353995,1.1626837171206266,-1.341579426768468,-0.7529495775863172,-1.538383368480683,0.7114042901709201,-0.5502882104154532
light_green_screws,2.9336374652417962,-0.198208716994593,-1.3825650473173037,-0.039285854377521905,0.5943285648310234,0.661509355631762,0.9532520250718209
light_green_screws,2.6522847637204356,0.8879147392527263,-0.9256878335930122,-1.8633535198209918,1.5511094392216696,1.1259634473870308,-0.9992473084465189
light_green_screws,-0.12729653394403334,-1.2515257968310844,3.1145578873126634,0.8035064081742601,1.7793737639721865,0.7039828378876563,-0.4048005974922191
light_green_screws,-0.4892535374835091,-3.1269321923828497,3.339027402601914,-0.3250444870962303,0.25851508829850434,-0.7105916937471005,-0.35450767706529296
light_green_screws,0.7328576896588995,-5.709907754915539,-1.9679651312087114,-0.9185247141401597,-1.2147493020339337,1.396518991985405,-0.25982751963652245
light_blue_glass,3.621835930338826,4.070464883315541,-2.9167488712940552,-3.6729257489655724,0.21015427015587818,-0.8334218505515356,0.3957168806631717
light_blue_glass,-0.8243441375799244,-3.8962269024773764,4.361194564386633,0.34453005846029544,-0.22112963908621897,-0.40425207543395986,0.4117269288415695
light_blue_glass,1.1726694451759336,5.043070609069758,-0.2927444599551121,-1.6521502036670495,-0.32921777743802844,-0.7642840344917597,0.4643375766373167
light_blue_glass,0.9548982577943562,3.5592469611045217,2.0483646361708985,1.1038391006208228,0.6693351980755462,-1.352554621217511,-2.118151792459186
light_blue_glass,2.3991240061056445,1.9453219759081608,-1.2819087766595916,-0.7530899034625713,-0.8803158909958873,2.233990641982946,-0.7396404463610233
light_blue_glass,2.821820724233639,0.07871717261229827,-0.31572787909173505,-1.5278059295185265,1.798133533832856,0.41646404643601415,-1.1351522284973616
light_blue_glass,3.1204247532412692,2.8803746813003563,-0.059484203592989005,0.9993827454249014,1.496319727404307,0.20275709804012684,-0.8186895441469664
light_blue_glass,1.5665696810196212,-1.5497604182815508,1.53366823411243,-0.7371742514534875,0.5890303821284746,2.4395759502536225,-0.6227412867862578
light_blue_glass,-0.2943908301013654,-0.30394484415307954,3.700138126182729,2.375162974951378,1.937660562409174,-0.5067853899024042,-0.749985716487732
light_blue_glass,0.7750923161186047,-4.996732401787502,0.17488877118472757,-0.39646180430454797,-2.058010655300226,1.1538898009480358,0.8001352888059652
light_blue_rice,3.127960849213967,4.149646074631517,-2.2967392473482873,-2.949872357401197,-0.5344147860486876,-1.8110018317282328,0.8677072701171629
light_blue_rice,-0.24736831927934852,-4.860197563753106,1.1209014349560271,-0.6323348114119683,0.09080795231521974,0.2604581843932168,-0.1394128923138577
light_blue_rice,1.6977813082422542,4.066127085822626,-2.0558312783575734,-1.0145389550260142,0.681178476211613,0.017895385231632845,0.2604516561594563
light_blue_rice,0.2941737024313822,0.8666404009290296,1.6506860626413102,0.37834086422693464,0.9500608006760307,-2.7470527801745908,-2.8848430280177166
light_blue_rice,2.0019465409661374,2.7010378142331497,-0.7625200328599486,-0.8853417306140158,-0.6239593020846345,1.8187035475121358,-1.0553583801416362
light_blue_rice,2.263607536203824,0.18761896057663413,-0.6775595823394899,-0.9182672662495935,2.057773299730248,0.2704888207469197,-0.8749237554505789
light_blue_rice,2.5623377559171887,2.535121899841094,0.965835624413508,-0.8095084019448489,2.4416290196510646,-0.015892305887410044,-0.8863755848080928
light_blue_rice,0.6870511740222875,-1.4197503623858578,2.1667313457397115,-3.690896342973668,0.18618734190381375,3.2259185778063486,-1.8558018637329106
light_blue_rice,-1.2948243500708998,-1.4918787320747267,4.769612002372583,0.9742054927335051,2.130293148182249,-0.8462655352511127,-0.04614459542979851
light_blue_rice,-7.474297005329479,-6.358562373820349,4.199878955332085,-1.510106868729919,0.4330015335853262,-3.755275898056013,-0.26447630013059287
light_blue_beans,3.2668606030248513,2.9786447171256127,-4.347152448165716,-2.977466988581399,-0.8021804195450317,-0.5414279247504202,-0.19405197576172917
light_blue_beans,0.025799374094107055,-3.958977021542126,2.8636467581599176,-0.09886289199836934,-1.3361992894810992,-0.17332184670694809,0.3646681761355161
light_blue_beans,1.6532044867999511,4.18049125362365,-1.3232094409236677,-0.310330162852056,0.535183285184474,-0.7711154330616751,0.45039579431087673
light_blue_beans,0.0767270188986776,2.3539455679411776,0.832052831802822,0.9511449390795318,0.9461970358564514,-2.0330663403774185,-1.788722516319181
light_blue_beans,3.092193382635198,1.2790898827690138,-1.5964338945719805,-0.8870151276441322,-2.0822005027512933,1.2886968475923402,-0.9552843716364773
light_blue_beans,2.2003071572172,-0.3773114304423912,-0.870638658861461,-1.0229494369838776,1.8159909698513192,0.7696118764752807,-0.1008228411115806
light_blue_beans,1.8198217078733734,2.176094964696536,1.0238124736816532,0.24372145850573532,2.7182829635027774,-0.7481073539260139,-0.6237899943120635
light_blue_beans,1.6927221066825482,-1.8736573287534055,0.7226540692197687,-1.3082872966333798,-0.2556940135546138,2.2368300383757895,-0.8286340092709938
light_blue_beans,-0.9297145484706649,-2.1580492926379575,5.141907533096659,0.32078812963727565,0.6063371149437855,-0.8200458746473647,-0.7525112444995218
light_blue_beans,0.14257117243785317,-4.757646928875845,1.545762296669042,-1.1918669056594862,-1.9117023351914924,0.4813395489349705,0.9605712059693794
light_blue_screws,3.494306875231446,3.3755200427419214,-3.2113409971525133,-3.746355130943133,0.05891163565347654,-0.19846348619432408,-0.7696882081133358
light_blue_screws,-0.4601643322104946,-4.013512704407502,0.16930369531686068,1.5617280592254275,0.9979061668879051,0.10655444469987353,-0.0989693991893941
light_blue_screws,2.373552945380167,4.754520067135007,-0.011328466627189282,-1.8210410971170956,-1.3075812189611327,-1.775702278965705,2.212729091702586
light_blue_screws,-0.6477032049382333,2.8896490389511422,3.648795381631071,-2.4127678594590876,2.4190419999601556,0.6052123871844404,-2.800456536498803
light_blue_screws,2.3653207737326363,1.6921164756745086,-1.8970979310175944,-0.7557362751871511,-1.1993301594912573,0.9299404852968011,-1.3495639125124816
light_blue_screws,2.090713088969085,-2.040150593940741,-1.6520097061986085,-1.156767448425968,1.374304826353107,0.6115124551843603,-0.8598920020022343
light_blue_screws,2.0690205118931257,2.243661802771265,1.2929012185517026,0.7061141462323343,3.0220810740368065,-0.7798634146388981,-0.6464491894599393
light_blue_screws,1.415373873486033,-2.1329646558493485,-0.503077481048451,-0.23299246561093007,0.7603603222248706,1.9585619728388102,-0.9089912790365962
light_blue_screws,-0.7329239901619481,-2.928690754250214,4.98662603443219,-0.7350696203529191,0.127431824206916,-0.6501617229732958,0.056891465817417525
light_blue_screws,-0.23218715229510348,-4.97440959580538,0.7038869859484841,-0.3338994387272035,-0.7573580131728765,0.7342562976922513,0.8175479173776883
medium_brown_glass,2.981465394029592,5.056994282643939,-1.8001449224386858,-0.8856730551380948,1.1288606077442194,-0.50589054800373,0.6079297306167152
medium_brown_glass,-3.34989780353184,-1.411615756329682,-6.131204034428862,6.784924492720301,0.20557280578794768,-0.15439847262284925,0.46811525928791337
medium_brown_glass,0.21277268088724927,-0.5250134366418799,-1.1075154501018625,-1.90030919712272,-2.764653577092482,-1.7134581385675571,-1.1453077744941724
medium_brown_glass,1.3494159714003757,3.4116818193299325,0.12620436749575153,0.6535689131476913,-0.793638828728313,0.5432479819814396,-0.20558938712340946
medium_brown_glass,1.1531896454504806,0.5238189290976737,-0.6949246294603711,0.06207419999685201,-0.5447089100473661,-0.6863406835586647,-1.1622813694806517
medium_brown_glass,2.9438172979420383,-0.0665090019688202,-0.9281026294054583,0.3153382803252636,1.4983199341393014,-0.1973892284724566,0.29366231688260347
medium_brown_glass,1.9483945437809056,3.311161860949991,1.40918236097458,-0.9016216089387868,0.43896866420654546,0.7528298832466848,0.7297800727758982
medium_brown_glass,1.2735124379907443,-1.6163068290890312,3.1266702266147495,0.6054181598128476,-2.204435782673316,0.20371575456382293,1.3991258747509507
medium_brown_glass,0.1151039865727302,-3.086937237800571,3.818424820218412,-0.3500258704819227,-1.6609318285648995,0.997406063975635,1.2657609411104884
medium_brown_glass,0.30929115211493985,-6.251310652554667,-1.1958074993733574,-0.834032245893362,-0.9019919102620645,0.7022759919020286,-0.23597319861572075
medium_brown_rice,2.3110509851613057,6.434260636194455,-0.4562955476859826,-0.38359964717059525,2.355275311123869,0.32778069728549086,1.327688786763258
medium_brown_rice,-3.19028833293146,-1.8919422160746522,-5.803569669391903,6.224308633421265,0.8066317902638112,0.216988906624845,0.9997904244083891
medium_brown_rice,0.4991663126499195,-1.5440634678742935,-1.533253203697451,-2.00936097669018,-3.8338686950237237,-1.147779357340602,-0.32766887062170663
medium_brown_rice,0.2888567872033633,4.438475810209734,-0.10448325778154366,0.6267705012845866,-1.8691738640643727,0.3075303435211648,0.005805487132799686
medium_brown_rice,0.5926144707814576,0.8540383491792233,-1.0961937763729332,0.16869034354068704,-0.6982219201360096,-0.5095763278421407,-1.2066657122386906
medium_brown_rice,2.005942687222171,1.5115519797591392,0.15490592313407275,1.3952832108471045,2.680141109660469,0.5685808094710666,0.9325242354206836
medium_brown_rice,1.8633907831348993,3.8798723844837886,6.025483874930264,3.2975710073850486,-0.505679891039316,0.3532967970937908,-0.6173794052977017
medium_brown_rice,1.311213285076652,-2.4873385105640264,0.19942491749837513,0.296392113838538,-0.06803393433571082,0.5210565856814755,-0.0831531555586006
medium_brown_rice,-0.9735675573495578,-5.324939404244572,3.679019637656006,-2.8175794964304695,-0.8571813309485927,0.4442195271727625,0.6958952903597332
medium_brown_rice,-0.005095298032164484,-5.952852920646971,-0.7554419317338216,-0.19092828744242524,-0.8507662639952405,0.13588541086931205,0.46024511125579276
medium_brown_beans,1.676219484184516,7.509296602403661,0.7899572299333771,-0.3517178092123682,2.006940615972419,-0.7495207308721469,2.484949516303133
medium_brown_beans,-3.6284274283642266,-0.02574316757773345,-3.9572766421094134,4.816332957394478,0.8917345944572872,-1.2622434065711405,0.4486244422068163
medium_brown_beans,0.7546967348073862,-1.735282656376097,-1.0733029037301334,-2.5615650504039515,-0.05070114789333366,-0.8180577046162766,-2.2315994594351105
medium_brown_beans,0.5032934978681136,3.7157323838885734,-0.683848679463686,0.40444037605028194,-2.178946750676036,0.613694139771222,-0.13390016810544608
medium_brown_beans,1.1587703838579875,-0.11739505772510878,-1.852510478024218,-1.129900805796003,-1.053560344726508,-0.18833630851092664,-2.104308619495748
medium_brown_beans,2.4546142717305006,1.5050740055739247,0.1569987656771012,-1.1230578762849177,2.67112269096551,1.4333777792449451,0.2764802657910285
medium_brown_beans,0.8222578578023106,5.1661540006758155,5.611978707378762,5.489491745808878,-1.1404082705396983,0.20906170162186616,0.28337002348234214
medium_brown_beans,0.1925535496198704,-2.1597652042294566,2.953621162872375,0.17041450831622335,0.7364163793583269,-0.12539720068252225,0.2514428564312947
medium_brown_beans,-1.072710726355406,-4.322777236188025,3.813438668951087,-2.6277950688540495,0.6699925338803618,1.4631460403661931,-0.2790666343858708
medium_brown_beans,0.4551697258594499,-5.036199409030156,-1.4988532208649232,0.7657336416729535,-0.0024041854803141804,0.8251623164384991,0.01947635290797424
medium_brown_screws,1.6315278925061993,6.060257882913077,0.10836715186304491,-0.6365578379648069,2.512382023494035,-0.11335734902742706,0.9383144864519142
medium_brown_screws,-2.955242164299264,-2.420782350886296,-7.068771082538131,5.175520505053104,-0.32916173878953603,-0.5240756559832984,0.5741859270677139
medium_brown_screws,0.14659068874963313,0.12602930841492718,0.7118689259070102,-1.7708957086413342,-0.3890182886759993,-0.7774737075866057,-1.1848385361834066
medium_brown_screws,1.02034968991602,3.145044008209652,-0.8531656541724192,-0.0778196419192342,-3.295886596167114,0.8202054388312057,0.282252355720162
medium_brown_screws,1.498546321247344,0.0683455748436324,-1.5737415891159665,-0.48529046516229646,-2.159631221805894,-0.6719965668649183,-0.841706441616887
medium_brown_screws,1.816010758941439,-1.5900072143352721,-0.26090864792329393,-0.1480960233714463,1.611232578772478,-1.2141912662233936,0.710030813753804
medium_brown_screws,1.5583872701894688,5.115924762618741,6.839467822238399,4.514414585781537,0.29763527530585526,0.48428062789926574,-0.12208931858474337
medium_brown_screws,0.4387329306087268,-1.5269203233156834,3.2396556571480595,0.096519657912816,0.6548733229384984,0.0096793440928419,0.29969078715864084
medium_brown_screws,-0.8612784372936274,-3.5125219656628377,2.4530221620549497,-0.05121094150609657,1.6596176074586884,-0.10324348766809828,-0.59025241563367
medium_brown_screws,0.8611396105506679,-4.055921025885475,-0.9127245456209095,0.3120586690287513,-0.84205118802742,1.1398511654729189,0.39061666071383566
medium_green_glass,2.569839493022187,7.528692587608788,0.07505168562654815,0.23212944175004746,0.7856580904231508,-1.4113901932673882,2.5007275092505536
medium_green_glass,-4.272976859424819,-1.823058007233676,-3.405594742119315,2.357962465681848,0.13807924690783313,-0.10108085123513613,-0.5789451808599715
medium_green_glass,-0.702150906468649,0.8115767559739117,1.4201553993231864,-1.090361796006949,-0.012431874960165817,-1.2905243581892847,-0.7921274475124831
medium_green_glass,1.4993217058673936,2.1242278994932327,-1.4468394205423396,-1.4012681095761028,-4.161828706649599,0.8614547051789372,-0.42084121162886423
medium_green_glass,2.1337393922066337,-0.1065352324495119,-2.1848437870621567,-0.9918512654494661,-1.3502445548369093,0.3293411347809287,-1.132682164202798
medium_green_glass,2.85735273915428,-1.087134702871735,0.9271737045279771,-2.3277254755777173,-0.4712497885701571,0.008682768611704167,1.0595880645666156
medium_green_glass,-0.37576102922192883,4.410747487962381,7.756190786693654,4.791523249451417,-0.7141393872247981,-0.8876671783468131,-0.30716709880570275
medium_green_glass,0.1325125636570937,-2.26049175313513,3.483105792099479,-0.32121570264292965,-1.0278309253902898,-0.07139911606938143,0.9218110463002755
medium_green_glass,-0.47891783665016263,-4.82309638233561,1.4599463470330631,-0.22837292434810785,0.43419682162251455,0.5187711058997231,0.5131750107817052
medium_green_glass,0.18239509000648288,-4.733715686221409,-0.3059023085437525,-0.3076715133181546,-0.07198624911400872,0.7338932154936888,-0.10779503290585293
medium_green_rice,2.8287232672924114,5.892923244981229,0.9932759317122322,-4.41643711254762,1.5647165076393785,-0.17327519819628145,0.8112206165072054
medium_green_rice,-4.9758707784689795,-1.1269754767618805,-3.8581616660442584,3.196976376688123,1.8037012697195438,-0.0337426085866285,-0.44315295989687203
medium_green_rice,0.023559588038209563,1.6234490009098559,0.8777357920832405,-0.14681623533088692,2.0976218283351318,-0.6463104934407198,-0.9330303394106481
medium_green_rice,1.8319302742059485,2.106381044211254,-1.4768319592160155,-1.3707652477098717,-3.86373821131205,0.6246332965834456,-0.900945586758201
medium_green_rice,1.1976106566734146,0.46275668088685823,-1.3705605385366229,-1.5174474475396116,-0.3660211195302358,-0.571597866031811,-1.5303532731559084
medium_green_rice,2.414074336353749,0.23330430891769355,-0.22847285578413004,-0.5464723980166056,2.3441627488141292,-0.3061201627406014,0.24544720968879952
medium_green_rice,1.0344287261136054,4.14001410307759,5.331981927943654,3.463936571935837,-1.8651058645847953,0.49695625328297177,-0.02441674229392432
medium_green_rice,0.21896420803699765,-0.7868328905051735,3.5317154894645935,0.8365877848713841,0.5910882692621542,0.1790917421336527,0.022391264366234426
medium_green_rice,-1.0194686708949712,-6.41748363306133,0.7691584249309419,-0.7411890390663325,0.29900714940817064,1.1117250434285852,1.0551615772999965
medium_green_rice,0.1969405100874922,-5.488083824597573,-0.6390857571716924,-0.6529577679570217,-0.7699843274383912,0.793604606755973,0.09556811078157955
medium_green_beans,2.2468037884648955,4.143246718796172,-0.8337524527613867,-1.822817802213228,0.1191571812247486,-1.1963771914476835,0.9307883970090913
medium_green_beans,-5.303434591499754,-1.279090615943535,-3.0134199989049955,2.499031304977297,0.8510399210468247,-0.8493816538266569,-0.4867414376158488
medium_green_beans,-0.6966563656918917,0.6903198079547314,-0.40657095942060983,-1.6255925915963196,0.7222443800787413,-0.537780753093763,-1.64569327159568
medium_green_beans,2.6332006635363707,1.8529850403077779,-1.2245277540561361,-1.3978228123324619,-2.77919344907426,0.4335281440404621,-1.0775521189480162
medium_green_beans,0.6537146508318247,1.4207739346862853,-0.4015006707541658,0.3491082538904934,-0.006929599440548689,-0.7152431381312576,-1.4783690964717149
medium_green_beans,2.3960828968609205,-1.6070544543392433,-1.6763511188358602,-0.7583888799715324,1.8352269534466628,0.7417309079796267,0.2844536920220263
medium_green_beans,2.7440476530220947,3.2911283309714716,5.2431429411233275,2.6511249390278473,-1.9650458116194136,0.38562883590947217,-0.3416246130406557
medium_green_beans,0.27251924761685287,-0.40946563708395084,5.083189715275539,0.6264770466354903,-1.2839478428982662,0.01191458607647386,1.7446825900273835
medium_green_beans,-0.5554676953341833,-2.85254829289287,4.807534128560776,-0.7704881022848384,0.3248413898444451,-0.0013129763580547321,1.0173774753701506
medium_green_beans,-0.09990754143050207,-5.206152382888804,-0.346004737295165,-1.0615580816469121,-0.5493062838049676,0.7327951569007397,-0.14930294748089262
medium_green_screws,3.297260362635472,4.520124936885367,-3.3223582964618172,-2.0197879041715616,-0.25730806355586955,0.14467143117429032,1.069978446318358
medium_green_screws,-5.110163274044073,-3.246020288153469,-4.5783448180463,2.574551655440429,0.1811591078093429,-1.2361446864315413,-0.19848225672902445
medium_green_screws,2.1177620723368626,-1.0653478869066693,-0.9462719507641272,-2.785867886224825,-1.7846005972993864,0.027014001089700826,-1.587346224571645
medium_green_screws,-0.9129760655522571,5.272809759396399,2.100189484537101,1.8298498974408925,-0.07279283805670245,-0.562547017524426,0.1619422307516899
medium_green_screws,0.6240347404959865,2.6796542641160643,-0.12387087431720015,1.4639934027300845,0.37247460699170276,-0.3839437324218458,-0.5245433712615296
medium_green_screws,1.657173256768045,-2.685224243014835,-0.6782209530494594,-1.5352308768227343,1.549176081912467,-0.1302088453006734,0.12005710572842676
medium_green_screws,1.0176797465182004,3.6141259870777978,5.311404896306242,3.301724219659463,-2.1076259467577017,0.5645832376845129,-0.1330925817384337
medium_green_screws,-0.08075697428010462,-1.5268390092550141,3.537293442495705,0.39316539223268837,0.3128743925397764,0.07857300462621286,-0.04056645294739947
medium_green_screws,-1.155511696937922,-4.298113785709871,4.621775016649227,-0.4333858370617668,-0.6667235143673533,0.38981379240096414,1.2969511700403786
medium_green_screws,0.738279958902888,-5.381918776881577,-1.2904028406897126,0.15068494015217987,-0.2977202299006869,0.38010967816769303,-0.08926429027640062
medium_blue_glass,2.7316798286859387,4.435386154855498,-1.8574269837531243,-2.820390495543318,-0.22336372903136428,0.17276805550717075,0.9138069945940029
medium_blue_glass,-4.79403769270438,-1.4069519825189065,-3.1800948688498147,2.826857448332991,1.4405810527039762,-1.2692194175295397,-0.7839024607561214
medium_blue_glass,1.2247498433913646,3.16244660144916,-1.3860436351560306,-1.086277856628619,1.8049458323822434,-1.695914230553544,-0.7750034607344404
medium_blue_glass,0.3097789918829445,4.01337398136007,0.7574517105838199,1.4630391300188887,0.4695276531843833,-0.23501256925432162,-0.6721593670273485
medium_blue_glass,1.054220582804449,-0.6720233968128125,-1.8591844280323369,-1.7829614341885742,-1.1466581964374911,0.30594282703831405,-0.9935200350779466
medium_blue_glass,2.7392904945734258,-2.451584803879472,1.1884714796039957,-2.6322450815299807,0.3113341958700633,-0.778895821385887,1.2352868037330353
medium_blue_glass,2.794370001942267,1.31696526984905,-0.04749907761220781,-1.6719493892318356,2.141471134653429,1.263379630547481,-0.45657167549725064
medium_blue_glass,0.7268753479460837,-0.4573468068123751,1.2683174923788376,2.176045529175771,2.187060731059085,1.3890516690798185,-0.45585846893705606
medium_blue_glass,-0.6994784788611295,-1.8413516108485046,4.35463259083643,0.4212750616888957,0.48573845629179574,0.01448213914193723,0.5069218239800062
medium_blue_glass,0.29579099666516223,-6.229785008109827,-2.305459807998848,-0.9484995160276609,0.12105536701224238,0.7620248135187538,-0.14699904233253716
medium_blue_rice,3.9140347871793804,3.7602379368700203,-3.9818409940945756,-0.49364605769595543,-0.5089913563262648,-1.4273456563838036,1.0400815017809166
medium_blue_rice,-3.7286682309779677,-0.05607771270961107,-4.481253524697443,6.19854604173031,1.1456943590144197,-0.0693818369720908,-0.2417136549311294
medium_blue_rice,3.524054499907322,2.633132553350866,-2.0405858430221357,-2.2103368767935887,-1.6303248416843368,-2.6063907014949694,0.6494730446051633
medium_blue_rice,0.5548263826846076,5.425894905907371,1.0838187862084416,2.4366768342437224,0.40729665462497494,0.7074485788823559,-0.18652430804269757
medium_blue_rice,1.8376543299476118,1.2613357890573522,0.32208302485119283,-0.35341516430027464,-1.8410529723156595,0.09163204504606676,0.8844046884935606
medium_blue_rice,3.033994175151559,-0.08561955537620103,-0.8199532016564945,-0.5417355496080741,1.713290798377364,1.0000767664786394,0.05006764740050494
medium_blue_rice,3.0363260608117413,1.7060182977332705,0.04104406251112791,-0.07041111883779269,1.5264862116253008,0.5604099370306799,0.36269777519601626
medium_blue_rice,0.984006711356003,-0.6863817528888753,3.0328620736415646,0.7954434418310443,0.5842982788513219,0.5158740426468852,-0.31559820925989424
medium_blue_rice,-0.970437527583421,-3.63502472983066,2.8035943794697915,0.49174045895669394,1.3360611618613285,-0.20916665627000092,0.02084814393653437
medium_blue_rice,0.2570485709394552,-5.722827285817725,-2.3375762932599224,-0.4325296280375667,-0.3820838717548277,0.9591222775875825,0.20300982246085114
medium_blue_beans,3.725310177866478,2.787833644144249,-2.8194343789181913,-3.6162223523554977,0.10144188481812699,-0.07461535348040307,-0.7001172786180306
medium_blue_beans,-4.464390730575335,-1.845485528706981,-4.933800020161167,3.8135698191535727,1.343892754074153,-0.27311961774118276,-0.8607750079559549
medium_blue_beans,1.6983236849566579,3.1906686405657374,-2.6715193777297697,-1.0850156246355516,-0.10370350527447289,-1.9209950634908937,0.4046124836406715
medium_blue_beans,0.6872127792380746,4.778045650806453,1.868066523902489,1.0834413816600295,0.8551324159483998,-0.01983405407681316,-0.297172636062572
medium_blue_beans,0.308958850069179,2.6729322462422687,-0.5062797604287055,1.5859154769089967,0.4833530484898674,0.6370612050631519,0.05124499836302665
medium_blue_beans,2.8019150369415438,-1.1164061407981658,-1.3399369103045584,-1.4733579812966635,1.1945880009232133,0.35123824864515596,-0.18219629411843327
medium_blue_beans,2.8087695997870123,1.5406424516693045,-1.1234984162122668,-0.9328304176151584,1.7670250143755273,1.1184867815236998,-0.4679792975855574
medium_blue_beans,0.5898445224658841,-1.3340186498359998,3.656243999856173,1.500275204612996,-0.7862812638787164,-0.23471636373152735,0.8847016992796055
medium_blue_beans,-1.414265724740614,-3.3632011365248022,1.7853089112718796,1.1378766101272588,2.3731721309356155,0.5919516536763524,-0.38996044838868055
medium_blue_beans,-0.387783842046312,-5.284313443701636,-0.6629392030370285,0.03866330961104058,0.44952971560251387,0.6359977063159458,-0.0963973245843361
medium_blue_screws,4.134459130345643,3.5843906431887578,-3.7153668663707706,-2.6044243659537774,-0.6295654705182461,-0.361170211585068,0.3265849896519105
medium_blue_screws,-4.388579800836917,-1.6592117223763734,-5.823374410308125,4.376189329926815,-0.42774922881897204,0.31886512138365997,-0.5019797183805799
medium_blue_screws,1.2549873636845337,0.12626991337657592,-2.716080520023495,0.28446585602469726,-0.5464415621037949,0.41764266181755444,-1.447830997948543
medium_blue_screws,1.1736327490233347,4.563657165323331,0.48178716360821194,0.6785946971134411,0.28209546621340453,0.9353781839026164,-0.5904914785685921
medium_blue_screws,-0.008667836175433213,0.7086861531005351,-0.40167277594285633,0.3552153012561762,0.27817077816322505,0.23425264605227383,-0.8410168599433543
medium_blue_screws,3.3807589655941417,-1.467596408476677,-2.421272830641413,-0.06494418093307222,0.09627839034945593,0.6696423887255603,0.4245592342076061
medium_blue_screws,1.8069461526256072,2.2930763050523573,0.2118398594642852,-0.753316267530301,0.8423370742269184,0.5872238212457669,0.03197915829262145
medium_blue_screws,0.22583164718575183,-4.069274812659214,3.3997172595085328,-0.5272861211915892,-0.5700790114637726,-1.5728906545531884,0.591467024930568
medium_blue_screws,-1.6476873975317055,-4.985919927459062,4.4002776887537,0.14359594576892543,0.19524939959328447,-0.8015874164953483,0.8265941267856153
medium_blue_screws,-0.13912675213232492,-4.775422975520881,0.36387062232472467,-1.1234303552151432,-0.6968327312566356,0.9964479593171781,0.2889333760545927
heavy_brown_glass,2.6422693777513033,3.2936790140086725,-2.346560294118094,-1.8595338216026043,1.5010107508046597,0.2643857305359158,-0.03870897514463523
heavy_brown_glass,-3.1406693741719263,-3.5770285901710848,-7.641562166513532,5.744902673899192,0.38221185166564403,-2.5238217423720446,0.15422175665673388
heavy_brown_glass,1.4681657263353587,1.4905424210896085,-0.5030205311692739,-1.083509059652718,-0.24222055253643043,-0.6342130795632429,-1.196129487926292
heavy_brown_glass,0.6571967427239008,3.6593670051208322,-0.40356947233996493,-0.5271722693560016,-1.9799875086082535,0.11011011558781597,-0.50401852708966
heavy_brown_glass,2.48019355506179,2.274240947448488,-0.05089187652244631,-3.3159364744709037,2.36175978689219,0.8368390166986681,-0.6623998576444687
heavy_brown_glass,2.287479313347496,-0.5574504798433269,-0.9680586886967982,-0.718776745936611,1.5644272153146956,0.6366852413850954,-0.32378677850126286
heavy_brown_glass,1.0469969508300214,5.311537755104151,6.86364115243372,4.012562465963259,-2.183936938284225,0.11269299547004247,0.3706548281746078
heavy_brown_glass,0.006253680433179828,2.306491364796907,3.6996871701809955,3.2687220928079714,2.290971835826907,0.4302845548022372,0.8325728134529078
heavy_brown_glass,-0.47473579939786487,-3.7633396081020964,3.848240491153516,-0.5842380709799617,0.27077442447109895,-0.4820931020448234,0.15405808006491578
heavy_brown_glass,-1.0975048325659245,-4.739538542536537,2.2191987251407044,-0.3843831466150827,-0.2828724799788167,0.4340073838401588,2.1971790449419775
heavy_brown_rice,2.011226674022587,3.1044206771233673,-1.4356445178178467,-1.1401741975801192,0.973623137857064,-1.1569959126629623,1.0941168294007753
heavy_brown_rice,-3.9401240807981606,-4.351347057582051,-6.637287196574019,5.093281648822607,-0.003930361788771597,-0.028059725116134998,-0.5181439672012362
heavy_brown_rice,1.4297223971089206,1.6972484891164603,-1.6379363180870818,0.0372722418293839,-1.7657324870280087,1.0257263225929947,-1.1679840856837622
heavy_brown_rice,1.7683381019953786,2.104003558174215,-2.0448153845106587,-0.3042468290458338,-1.3915315634532162,0.5761657252843204,-1.7357849655426545
heavy_brown_rice,3.6847095200850837,-0.07533008276780986,-1.757311220809353,-0.5854759833154647,1.3152174392879759,0.7781193237221437,0.5005556116933647
heavy_brown_rice,2.2956994917996654,0.14635977132885986,-1.0955743780595335,-1.713731327378824,1.6646195060430542,1.1201928357927402,-0.353381399414474
heavy_brown_rice,0.8502995983143947,4.684648852203888,5.111290784134186,4.78344581982617,-1.4763699611381063,0.6181585131094317,-0.1081090744473791
heavy_brown_rice,0.8550147956647184,-0.7375261526055576,0.656857074960477,0.9766579287933742,1.269830444030795,1.0656684764340594,-0.8762395357975363
heavy_brown_rice,-0.8336806204297174,-4.3343005100255025,4.25279979110798,-1.5048865047356899,-0.2668294677530384,-0.7556515039593984,0.807981361235824
heavy_brown_rice,-0.5777798270054982,-6.512934520381994,-0.37866723654004514,-0.5685135289530366,-0.603467990201145,1.2903748465286815,1.6774262099235036
heavy_brown_beans,1.1345159928894324,4.13337846539301,-3.5295397207630885,-2.165071443713585,0.8700385001513045,-0.1662236124614904,-0.0077667722322018184
heavy_brown_beans,-2.958186451919377,-1.4345928618575938,-7.308758206862233,5.209809223948947,0.7135677618883869,-1.0729457312499215,0.18786285264440705
heavy_brown_beans,1.5449511604305397,1.1438058267818147,-0.628326590309374,-2.250224037071446,-1.8797527920982269,0.01975656255628694,-1.442483598863933
heavy_brown_beans,1.6676199132433724,3.1789172485498605,-0.7467479329361382,0.7236966808441767,-1.1254690185136484,0.5929002157084772,-1.280537535780708
heavy_brown_beans,4.124519088771777,-0.8695239037607191,-1.5297145278830682,-1.6759773454348226,1.175589585193436,0.5859935669851071,-0.27067073041145895
heavy_brown_beans,2.7658877957622865,0.6370365741360503,-0.06988317016489273,-1.554847829576693,2.145609047083732,0.2973921500062799,-0.8898123440562437
heavy_brown_beans,1.1239716867819427,3.2354919010165624,3.974548157431419,4.009363854782987,-2.0641559926441775,0.6407364771524229,-0.4712526359016188
heavy_brown_beans,0.48402223851627924,-1.0577303328352439,1.7132198424638465,1.8088325018064255,2.100206172155595,0.6246507567953755,0.22388681987060158
heavy_brown_beans,-1.5284798067831047,-6.0170741287627845,2.0092877461866947,-0.2972985205802536,-0.19918512725532345,1.098142117496031,2.1871275552490186
heavy_brown_beans,-0.6327395403425531,-7.168194042238576,-1.821456566222056,-0.2719706647926883,0.2414993572065286,0.9200319716435453,0.8181580561825927
heavy_brown_screws,2.686430407894725,2.3343281813677437,-3.2346115782380283,-2.4969464121872695,0.48773226072242337,-0.026143182010111662,0.4633191814109713
heavy_brown_screws,-4.334286326662235,-3.319443571996313,-7.304319343229464,4.769094151905716,0.36987001076507964,0.16181481121251112,1.3591376812751235
heavy_brown_screws,1.1408014123564882,0.7599324022535695,-1.7762927435599116,-2.035271849483081,-1.004393507072983,0.5136519944267854,-1.8065118905019855
heavy_brown_screws,0.30067198753929497,5.122962434051809,0.22871294056745933,1.186108610083116,-1.5745738380853742,0.3902839297449547,0.21959194170741142
heavy_brown_screws,3.784471226921791,0.38579960334853935,-1.299349183494675,-0.405994990796329,1.36630277873647,-0.3559829341656591,0.32714472657244564
heavy_brown_screws,2.185795145797217,-0.7782495935883808,0.13444043568787972,-0.9734965483261652,1.9125559818351792,0.3708582083942752,-0.34919558209681556
heavy_brown_screws,2.9856490181787536,2.3808816280280385,4.121005552918566,2.3662688074532836,-2.427833025880917,0.44649836749825733,-1.0244163204182817
heavy_brown_screws,0.2870589707079977,-1.0401395362496904,2.108416571601562,1.6809128481619828,1.4004460878669174,0.4083195653815014,0.782292339201807
heavy_brown_screws,-0.8125250137146541,-4.31862789647891,3.695068814787234,0.3890563474001427,-0.14017080784842378,-0.565841495976556,1.1132381918881662
heavy_brown_screws,0.07356320191079349,-5.957942036577954,0.11054412840625888,-1.367801220916708,-1.9062028577236303,1.486805163276487,2.094228652015684
heavy_green_glass,2.7699526918887,2.8192262876436756,-1.7037449396596176,-2.453598905242623,1.4382131085413388,-0.18402140650796658,-0.020716030992788056
heavy_green_glass,-4.71027641122177,-2.858051297552557,-4.750777925063119,3.455510235334111,0.2441747885207926,-0.12934123005003725,0.5251295142434228
heavy_green_glass,1.9086951193712172,1.4853519382641596,0.8511809203607851,-1.820706460158429,-0.7885669434171294,-1.174910144434842,-1.1064194287925053
heavy_green_glass,-0.02958390582470929,5.456207257172316,0.13537665110591282,0.36659015214442686,-1.3645506493330364,0.9084080843667376,0.1990775702231794
heavy_green_glass,2.645866911565066,0.04880920367363911,-1.2264185612257033,-0.06046498141926992,2.030404591826038,-0.12052873620072212,0.0951290992678134
heavy_green_glass,2.181259909455732,-1.7663668328118336,2.427399987608373,-2.432039173130447,1.1819066633025581,-1.8923035717614458,0.8717908000295751
heavy_green_glass,2.0237638399091766,3.9554404847734967,2.442880016114247,5.168301309486921,-0.8619700167947348,0.20614646232639733,-0.871020890951778
heavy_green_glass,0.8074392148865348,-2.5208070695786384,1.3716205731046054,0.46682248809712834,0.6202846299352575,0.0583015255766071,0.17482097424049306
heavy_green_glass,-0.3837785625077027,-2.7162006157690004,1.5867458321794226,-1.2135604440413716,1.2414257822928574,0.8593662498009043,-0.6413202104977676
heavy_green_glass,-0.562226993576569,-6.059564917785392,-0.9465602364812219,-0.08795986499471942,0.2697659271936764,1.161439098639415,1.2381096072607463
heavy_green_rice,2.805327302569289,2.894410195702045,-2.442876871890796,-1.7024629059196221,0.992165916470047,0.0012442684125052658,0.3932959328922514
heavy_green_rice,-4.720719181969904,-4.295831018649772,-6.036421859383034,3.1790571137726644,0.4235602867750212,0.2128723094924115,-0.7795415280056501
heavy_green_rice,1.678701113354157,0.17834073576493373,-0.9451695593949634,-1.3651705385986357,-0.958453588194575,-1.5019713102603145,-1.790516706772056
heavy_green_rice,2.3171328119792265,4.402814197369589,-0.6540502451600283,0.9451278853936816,-1.614592484196125,0.8226815455922227,0.029790631181379264
heavy_green_rice,3.5583696198184325,1.7100262142659044,-0.671111704719967,-0.24048922081320676,0.8638736042818425,0.5770629548068552,0.9100775504832501
heavy_green_rice,2.1230546037926246,1.3047386424899274,1.4720476461342247,-0.7382925392944744,1.632007728784579,0.24004294990103203,0.6169826178633909
heavy_green_rice,2.042415826825784,2.2946432739786258,3.9490642700320477,3.1413321406549026,-3.0782611712084287,-0.012626451211614168,-0.8269417929995486
heavy_green_rice,0.1503727484693763,-3.629999356302941,3.0974755397838907,-1.015364802883306,0.5584840202923858,-1.0229579167604999,0.11765698248112838
heavy_green_rice,-0.17869395512605493,-4.127708171080128,0.3808288436399098,0.5363830797600991,0.895736397181602,-0.3778784781771605,0.04468059711808017
heavy_green_rice,-0.3009523715835146,-6.5560588123419805,-1.4148484652065134,0.28231140985794834,0.3480840551394847,0.9474803699468053,1.400681044099443
heavy_green_beans,3.0036566059135468,3.473201962472371,-2.652963413737957,-1.5643621917779473,0.6690530216505824,-0.5510584629736776,0.9180772800013228
heavy_green_beans,-87.67583974740731,14.679684560009063,-1.5378624565163643,-7.762940600631591,0.554179064228036,9.09857309627432,1.6235731609265829
heavy_green_beans,2.1829755645122835,0.5254493325387236,-1.7193676803185274,-1.5839352081066214,-2.0519580030403675,-0.3906786445328223,-1.6114845560689275
heavy_green_beans,1.5504614260016916,2.7679514818905715,-0.15268057823056297,0.33466085541409824,-0.8166198455587588,-0.3498034657444201,-1.1779440606922738
heavy_green_beans,2.3356001102902146,-0.11628741038302587,-0.2555643642591837,-0.23116227471874556,1.474863939989379,-1.093935757114736,1.0144791413362784
heavy_green_beans,1.9334136613472834,1.7136189543747593,-0.14204561552582864,-0.9098436300921807,1.8079651673159758,1.0617566593930678,0.25603649272424167
heavy_green_beans,2.1120505882685428,2.1648991223842677,4.542194301032071,1.9873247045880187,-3.714490219025145,0.7726971421567996,-0.5870935233802042
heavy_green_beans,0.7980622966686395,-3.244877019714582,2.289665336464604,-0.9113203557103209,0.1507849435692894,-0.3883488361190666,0.009262773703107602
heavy_green_beans,-1.0664906395993952,-7.196333202142135,1.6948094610177562,-1.9373389485013626,-0.41682617853868653,0.4760198831493463,1.0814475825397538
heavy_green_beans,-0.29187467165604225,-7.408375381625278,-0.54913915005249,-0.7933058364487112,-1.5100307821775187,0.8022755624307814,1.8339878334426436
heavy_green_screws,3.557097925022937,4.516049786661654,-0.543359057958857,-2.1877345438270597,-2.2544923757943587,-2.3054072571188025,3.8343035518702115
heavy_green_screws,-6.168646495576721,-3.668436758788549,3.3955494548625964,-1.3518415926004401,-0.5201389875041604,-1.4563715295583142,2.0409441789112583
heavy_green_screws,0.8864427205266794,-0.1033591731374853,0.1648522303047742,-2.995524306039509,-3.9241639764658425,-1.5176343296550794,-1.1973569300166085
heavy_green_screws,1.9475303844245038,2.4598575559374893,-1.5648038940270685,-0.5874011093249015,-1.0088091836285833,0.04576362167812072,-1.0983344075620123
heavy_green_screws,1.4133345245759377,1.754278063692768,3.812913911813983,-0.30847103114320656,1.331912346994359,-1.523307510332204,2.557216099224852
heavy_green_screws,2.493367181168927,2.7587276679345267,2.303719087583824,-0.6728233722135847,0.9437142532266212,0.3984563118833514,1.1667181333198238
heavy_green_screws,2.41456494257414,2.3249123830698646,3.7545245191224783,3.7059954154376413,-3.9535432735762015,0.5436032056794661,-0.341322145376273
heavy_green_screws,0.7549814423135632,-3.65539302808085,2.2740623010591716,-0.7498446204412759,-0.4515764811252372,-0.5673042747172691,0.014593943648120444
heavy_green_screws,-0.6133489857616778,-6.798482102599658,2.0237552871952227,-2.384135708842067,-1.0687380379154647,0.09205383861807204,1.0678057151151743
heavy_green_screws,-0.5216129707281153,-7.7526621808264675,-1.5382073490632,-0.6287728756786826,0.03863726906102455,1.0109934922891914,1.2115222988351
heavy_blue_glass,3.5877407168691056,2.733917874133333,-5.004190834981998,-1.022485113493923,-0.5292864210884882,0.8288505390175828,0.684581779389135
heavy_blue_glass,-4.602731316057949,-1.8381238315367063,-4.992263754695706,3.7251907153301245,0.4857409081311621,0.45539788018924954,-0.5983818891943571
heavy_blue_glass,1.4513880435419055,-0.5377721736403873,-1.64459217020707,-2.347728012454529,-0.31569579716261104,-0.5761401617805796,-1.7459516860958872
heavy_blue_glass,1.4746179595885236,3.2965769290772973,-1.4582363745414464,0.8024646995988322,-1.056992355085969,0.16783190911612925,-0.10845969474208243
heavy_blue_glass,1.4938894710383617,2.402480069137955,-1.0686970693634399,-0.1515419571912262,-1.1070860522781576,0.6662142515801257,-0.8057032467831564
heavy_blue_glass,2.3521936264203545,-1.2568362551216106,-1.367200258619161,-1.898568750947969,1.750727005865286,0.35225146710378247,-0.023813591572790116
heavy_blue_glass,1.2622561024709364,4.285341812203109,4.75946856849109,3.7580741967846274,-2.018553055454695,0.47918636875966836,-0.4080629171657445
heavy_blue_glass,0.2144573696147945,-1.4640412014277606,3.95082649835221,1.0938065380712334,-1.30870397334477,-0.26124236494592523,0.8827338308361847
heavy_blue_glass,-0.4971111622199692,-4.443167219035862,0.3670544070480843,0.13827099699001227,0.523296815662858,0.2624512075472192,-0.243801379974832
heavy_blue_glass,0.11320476488368127,-6.455707086848793,-1.083260828742301,-0.42729290747720733,-0.08594186528288364,-0.1769848183748088,0.12197519351154786
heavy_blue_rice,3.4821269203974703,3.2396892658769088,-3.458199533938453,-1.5851615904470937,-0.09468181807747061,-0.3160747826647179,0.06923233029662659
heavy_blue_rice,-4.504917076155921,-3.421488494811305,-7.57790853875651,4.965774425090861,0.8469141730807601,-0.3963636771468031,0.925770621864626
heavy_blue_rice,1.1131002212979135,-0.06472466976612794,-2.45310580499787,-2.786482738273404,-1.2841523855420285,0.4347413433022522,-1.5426937445592472
heavy_blue_rice,1.6306324990229266,2.484934392439431,-0.36567755771751675,0.6108226986646307,-1.1240837938802415,-0.14513242424003264,-1.1692601517310186
heavy_blue_rice,1.3212284567449688,2.3791883098253344,-0.23778669413134484,-0.20900169246271308,-0.3905286231968259,0.14215515067056353,-0.7149610541184721
heavy_blue_rice,1.632971476623237,-2.028276627203476,0.9470535625034131,-1.1803171444821354,2.482044106686332,-1.245265127883094,-0.04050237116215921
heavy_blue_rice,1.8900589042295624,4.618709088887457,4.663081476217193,4.537048302902655,-2.370068663541923,0.14270227185477555,0.32512349961934883
heavy_blue_rice,0.7493920742354901,0.48781317411796876,4.93604166655261,-0.5012377962223321,-1.7615571723785872,0.5370700243743534,1.879420205356257
heavy_blue_rice,-0.690821626223183,-5.972776973668805,2.290719900172595,-1.461069927935528,-0.31855274129596767,-0.6587052869179343,0.5403807244790835
heavy_blue_rice,0.5111717854643766,-6.203346509152226,-1.5495352193218601,-0.5135999524879806,-0.48389839189045947,0.6607244258787047,-0.24631438530715755
heavy_blue_beans,4.307567597566705,2.612280548997308,-3.7705853065749957,-2.4735254943080633,-2.7566824353816077,-1.1197329869391768,1.9101864215858404
heavy_blue_beans,-4.387572970706047,-2.7561305196070207,-6.644528656515635,5.275762206448822,0.2674992343888284,-1.0141510848949284,0.8401626741419788
heavy_blue_beans,1.0100638225617373,0.2898864495120155,-2.2315470793168735,-2.2104400374802955,-2.95391398756238,-0.0701251264355473,-1.9213291691956251
heavy_blue_beans,0.6337397512653046,2.9060506714708447,-0.4107223222177342,1.2011925782246746,-1.8329140598003288,-0.48769738443656263,-0.2559491874760814
heavy_blue_beans,1.384717367582145,2.1498845093164807,-1.394284595816736,0.8027923557646567,-0.819783372460297,-0.31532597234223314,-0.41403168226220266
heavy_blue_beans,1.7025622520946113,-0.4079750202136403,1.4107581345823956,-0.3895059916762935,3.147580848295531,-1.018915602595128,0.4224059545667851
heavy_blue_beans,1.015298395946407,4.492655126227235,4.8121988000456435,3.9308902269455053,-2.035703555024802,0.7580189253593195,0.0816205845959416
heavy_blue_beans,1.1894681873732844,-2.0097910539496966,0.05412051807199849,0.20264301336470636,0.09673917616293232,0.9807377985876928,-0.2811698813906734
heavy_blue_beans,-0.160501301089649,-2.353285290682504,3.7800499327791983,-0.35458038113935697,-0.2850787372632042,0.1336077001096131,0.7997634767113726
heavy_blue_beans,0.05376939093218626,-7.19308553390202,-1.390433372149525,-1.1690286555048472,-0.6901142810330337,0.6624947767596235,-0.12615099793032244
heavy_blue_screws,3.4578237963960903,3.3273445965493895,-2.944138741251484,-2.125104543823368,-2.2964272977580964,-1.2307836917800985,2.521815128762923
heavy_blue_screws,-4.284068511278947,-5.264315338424518,-7.390635060455985,4.533495883289613,-0.2409234814604445,0.29934362417788035,0.9689500469416057
heavy_blue_screws,1.998052244297162,-0.19830963846815622,-1.529234407517142,-2.5687821131189548,-2.2669557195707455,-0.489457823569079,-1.4673426550629136
heavy_blue_screws,1.2151273305627779,3.839090602758936,-0.2780856237067728,-0.056688920980481734,-2.8414838342899533,0.3272018223823105,0.13077339503698654
heavy_blue_screws,1.907619570483698,1.4309784402102765,0.8248004448270976,-0.8079980801943307,-2.7558157562457053,-0.42486029829126265,0.23199645410823572
heavy_blue_screws,1.9424359099601602,-1.1731464952788313,-0.8046428451797047,0.1811813625111619,2.1030790507367176,0.001260129926791885,1.0646721037704907
heavy_blue_screws,0.8171972849684946,5.147058429077935,5.864810782005191,3.741179436637493,-1.212888500882693,0.4865270466719949,0.14553730793317596
heavy_blue_screws,-6.548322158642848,-7.384441982225117,3.0447679918146617,-2.99233333234882,-0.7539526425105411,-3.690518755368347,-0.05514190897634538
heavy_blue_screws,-1.203231923563056,-0.6763542478821967,4.2885828067422915,-0.7141515839919552,1.3879774088917625,1.185884118662598,0.2844991755734576
heavy_blue_screws,0.7425071368047806,-7.436932041020113,-0.9641292084822134,-1.8345702526622745,-1.998402960827778,0.7112449462015812,1.217769274628998
