light_brown_glass,-1.2765472664452324,-1.433248203510781,0.8542091922525946,-0.030787496855594176,2.0644160990402978,0.4557232108761044,-0.6876629846935958,0.49135525685415227,0.03252775801185398
light_brown_glass,6.323935001768828,-2.510040667674613,-0.09816005684381375,-0.035890190945478635,-1.0572647333461875,0.9918507372938001,0.9636732857726302,-0.5612029938078308,-1.9298489022518577
light_brown_glass,-3.8788652788473357,-4.450531642106876,-1.3633525053997648,-0.33629377336671207,0.5293959338254847,1.3003918599216526,0.028818465858999942,0.546496247731535,-0.834325838549041
light_brown_glass,-2.7809707159056223,-4.3212454793398924,2.3432843660829916,0.5699763346334218,-0.5227199937700738,-0.4785793037602452,-1.498563936874869,1.2350369964839716,0.7010627582986337
light_brown_glass,-1.9705004699337305,-4.184027529720414,1.0159498680146852,-0.2803488984471846,0.2004351559528964,-1.4502385042689505,-1.0349003757354434,-1.2698423541165513,0.10387591669022227
light_brown_glass,-5.113070995998267,-0.4877733824467655,0.48425730670919287,-0.3780648475641588,0.40176918018105084,0.10275499710756515,0.8992136508441123,-1.037062073086358,-0.00635906830993796
light_brown_glass,-4.140716108972423,-4.968975595937053,-0.8430040590843566,-0.16148027765509315,0.17140828982415904,0.1708717460605837,0.7401374921281875,-0.14138067034934457,0.14795165737815974
light_brown_glass,-1.0976811289039592,-6.356646566656211,-1.337538787333718,-1.357151910927793,1.673995905668133,-0.405558605951199,0.12793722802794816,-0.018152367081057764,-0.04582002451701872
light_brown_glass,-3.1287826893794817,-2.2590183014792085,-0.3658554412737044,0.6784805565069837,1.335456567118655,0.33387472761578135,-0.2694940749025208,0.24776793260038874,-1.0495901071600622
light_brown_glass,-4.0459708953759685,-3.825350417287815,-0.17884605040033186,0.7046740415497115,0.46563333036826904,-2.337272927175232,0.18700723369468775,0.2802117561849165,0.4065421563916716
light_brown_rice,-0.7161737096163233,1.427141008864275,-0.2296856357336008,-0.2839860190029055,1.2408531651675268,-0.2353972619767468,-0.011446631651222648,0.7071320657606247,-0.5805552943376927
light_brown_rice,8.657340471861014,-0.6713512452828245,-0.08765669458626515,-0.31726218890721813,-1.3320003677232162,0.7143429295574556,1.9003309806349757,0.5561836156539322,-1.277432985950872
light_brown_rice,-6.414067586730156,0.28476923647359026,-0.8075379969748755,1.2494151978771422,-0.28791233470332267,-0.4943464789289423,0.29454107105712846,-0.3418161892976378,-0.7364954881059674
light_brown_rice,-2.9809758303655824,0.08059162568306773,1.8090236585232058,0.39977655215191077,0.7631555601960888,0.04528457374849886,0.3210305297982004,0.6053438560579972,-0.15524507835804224
light_brown_rice,-5.612475674810778,1.2874087937513161,1.169640136493299,0.4793143965288439,0.848575707916366,-0.06661465325790834,1.0565384810112466,-0.056693616807597484,0.4744958798900474
light_brown_rice,-6.4800757341979995,1.1758547794992742,-1.4076012483158558,0.8505364144129379,-0.36626841104313895,0.2604407001295478,0.6827148946746393,-0.6355730025506338,0.02935672008825884
light_brown_rice,-7.090591134942662,-1.088127417052522,-0.6109985387254271,1.1974589206203248,-0.9512401068680766,-0.18883587333501756,0.8485358659501541,0.14649111764713824,-0.33267381856081285
light_brown_rice,23.773942159784763,1.769428051609682,-0.2522693448893137,1.6285151221458216,-0.9940388276637512,0.5847444688271985,-0.50085336700624,-0.8247624709367787,1.6106428530291799
light_brown_rice,-3.2307349367521505,0.22300397353743417,-1.2272189899566925,0.2144305607481763,0.7751953667269535,-0.6828875173347378,-0.32202077662512185,0.6526268222442265,-0.6964349824820368
light_brown_rice,-5.087747667112922,1.9056821633035441,0.9522225093560529,-0.2584914098764599,0.49783278096650807,1.0550686571046632,1.860345577082284,1.0625790891575613,-0.6397011009561271
light_brown_beans,-0.7931112824659784,1.424135975941971,0.38384816408688427,-2.0202324716420668,1.1838378824640003,0.13976509033414308,-0.5639409533610535,-0.3506640895820717,-0.23236078388545722
light_brown_beans,23.69777522311434,0.767436433701037,-0.8609617906500234,1.6504549085889235,1.1930306602953007,0.06252805688848033,0.042040746220378455,0.21672558746059037,0.6327871615741871
light_brown_beans,-6.6427590908443985,-0.19581274518023492,-0.9929849098302367,0.2278117444587908,-1.2759805738195524,0.27764269589031587,0.8433273688089554,-0.10314780658619528,-0.14960502049979346
light_brown_beans,-4.506344544894932,0.36148852440761164,1.8927928131464435,0.7256668950399108,1.1721983001045704,0.611314872850844,0.31298343396051065,1.0464553805191903,0.2572018656874922
light_brown_beans,-2.3754121666111474,0.7727240486257203,1.916971845414852,-0.1702519529182698,0.007201649157573363,-0.13623208853868649,-0.8014283048393341,-1.1399948876307062,0.8869121875614056
light_brown_beans,-5.872725233281288,0.9192281326917298,-0.20009303423760516,0.4016540850933437,0.14491918073057436,-0.4244487836060073,0.0550958215323039,0.018934814314316505,-0.6536438440393225
light_brown_beans,-5.67861852880766,-0.22616936606185223,0.5366006753618502,0.9056321191872706,-0.13564101064220033,-0.4133610924917486,0.5136911597168786,-0.8301627667791034,-0.13672518261276653
light_brown_beans,-2.2183016292452087,0.4755106946345087,-0.641106491027222,-0.8752310909196781,0.6339996023678849,0.29307988410858676,1.1322000038297328,0.7135392938172569,0.2816292167308052
light_brown_beans,-2.97077754346799,-0.3201991485775212,-2.5317149542769983,0.1819472391160655,0.33651790946046367,0.5707335126734493,-1.0015528615890903,0.6043360897860962,-0.6777446343311997
light_brown_beans,-4.297679202792863,1.007145508291796,-1.2677318200678536,1.1424487650467352,-0.3711424360957853,-1.0640435278161915,-0.030990764499158916,1.4782580080598609,1.5627828950866143
light_brown_screws,-0.7942628458256651,-1.185615623051984,-0.4726498913516797,-0.8948359908040604,0.6221260433823016,0.8855243189407009,-0.06457591788023585,0.625355930726673,0.8423415877674569
light_brown_screws,23.52018502104514,0.742918602404976,-1.06526748204257,-0.03347085707780245,-1.0495268100690076,-1.1560798803721664,0.9117018194367965,-0.6198761705757897,0.11632083574921519
light_brown_screws,-6.220836559187751,-1.117579652930373,-0.45951106115653,0.34549255816414826,-0.2039795712507962,0.4410726463323261,-0.47319081773663996,-0.12398832549328113,-0.6569917311279196
light_brown_screws,-3.839753013776553,-2.049109696371044,1.8257332999430298,-0.31192458801291695,0.1535821355525938,0.04356457395406303,0.02980665303512942,0.4442236689204404,-0.0038294296904129842
light_brown_screws,-2.0209705985288475,-1.176248011148248,0.6661965220135105,-1.1809434249383899,0.24320464005489376,-0.8237529143495981,1.0298877985848351,1.3614215902734594,0.5317856581404932
light_brown_screws,-5.345281458922385,0.8282883079388123,-0.7299120693299281,-0.2562900118539225,-0.05421823431945512,0.5000628182955604,-0.4616113945657636,-1.0533418164189414,-0.3701577243076312
light_brown_screws,-3.541833929091828,-1.6207403969269223,0.6174500750131272,-1.7300168268335385,-1.0631235173079776,0.6693823889129767,0.18593101678453833,-1.185641966568698,-0.028882259004591335
light_brown_screws,-1.0162174579465177,-3.231592966658504,-1.5806616106550664,-1.4652158992918947,0.06929782538652357,0.8053964495921098,-0.23725384169583508,-0.17321067444815585,0.7171611298288643
light_brown_screws,-4.204890647407701,0.40029107105275635,-2.6715487983669086,0.0930579666305805,-0.8580351966328884,0.5088877816632428,-0.6065087129620053,0.22919112141658032,-1.1162575727392696
light_brown_screws,-3.5892791021497583,1.5084784868492274,-0.8097892950913333,-0.9396138267849257,-1.437669965049921,1.944372051189589,0.3563010164369444,0.7402212147981037,0.3431086551693443
light_green_glass,-1.3753983020643992,-1.4591621445171234,-0.5598313358541511,0.11829142874076835,0.5281846069613112,-1.0632311659153981,-1.5762093994719883,0.8476340582992801,-1.2232984923649517
light_green_glass,22.030029405247973,0.6843426021029373,-0.07437611857848728,2.9843771593847337,-0.28471043152051545,-1.4911646175001865,0.15867742392005646,0.02665764868182216,-0.12442492455279933
light_green_glass,-4.423564359587243,-1.3687592112942097,-0.8873887823238267,-0.47995719210932625,0.7335525426155651,0.3790372327378775,-0.11606539321326925,-1.0711515508487313,-0.37503815310483163
light_green_glass,-3.014529892573058,-2.827327406300483,1.2626916531068653,0.07977913391286354,0.01642148396712494,-0.6015425705453404,-1.320045171101204,-0.2592282246783447,1.7192186087581631
light_green_glass,0.03681960781121771,-2.147898872868688,2.7115188382895976,-1.3207412195337083,0.4126072839162639,-0.5494652508139554,0.20206941630358843,0.648816674042951,0.20071855124137475
light_green_glass,-4.76568907622269,-1.0517834272419915,-1.1189328142233141,-0.06742603959157378,0.08237494616092947,-0.22361044997909313,-0.4035288139894517,-1.6903098020787177,-0.05782545783783374
light_green_glass,-3.0494566720675675,-4.362063178153805,-0.1950626752008376,0.25690184210249506,0.8010238874663517,-0.025561451524072094,-0.4853660506332893,-1.575107592349886,0.2188682103284601
light_green_glass,-2.2577492550725777,-1.9143701213081907,-0.39584983707737037,-1.5013751712695227,0.20330484949845562,0.06437420799478462,1.1064660087728957,-0.17109666275325724,1.3428831946054842
light_green_glass,-2.86809087177057,0.04963173339092298,-2.020680153068937,0.23683836400138542,0.28713525909224497,1.0391576639998223,-0.6579683820357598,0.9305094009901107,-0.2452704659219884
light_green_glass,-4.4525255025700785,-2.077209110586654,0.4505631864785585,-0.17465901323060581,0.802480054014727,0.6473823861960032,1.6680835580619682,0.448465939065553,-0.15524101658258196
light_green_rice,-1.3915411113372393,0.7527455058349904,-0.7198902969971145,-1.0204616525865098,0.4099551251550127,1.2142385803199343,-0.570614521615178,1.1781089016957547,0.11430078632654028
light_green_rice,24.488801716058166,-0.0493624573554767,-2.3883005204899415,0.46711409387341907,-0.0057034066636000025,0.16518725041107654,-0.7492785353029963,-1.1729203698841295,-0.1910225736014084
light_green_rice,-6.286162829473889,0.7748021669484442,0.5911771792656222,1.2132014383379204,-0.6011392743280856,-0.2565396656961074,-1.151106643925506,-0.09051881740138301,-0.7179300863256978
light_green_rice,-3.936304551613922,0.8423381639382864,1.8120757787979525,-0.5074576160395935,-0.21076990092608466,-0.21080702884464,0.28665240628445743,0.2935871493932841,-0.38993159599954513
light_green_rice,-2.402115401581626,1.508719025315588,2.4365890505837853,-0.31499802914144936,1.1466953014192693,-0.8059231200654886,-0.23150608214875068,0.3506522901142747,-0.2897014265742518
light_green_rice,-4.943952435659348,1.2031982021450482,-0.47395518925233165,-0.9371926692902902,-0.8709311521250118,-0.19017164771829984,0.6322491763901003,-0.22942243327002804,-1.4751053268157752
light_green_rice,-6.409575669076638,0.3651542292270338,-0.6011777581199251,0.4303366851636833,-0.16736798320612467,0.2611368055896701,1.5342489130677361,0.7201863185636175,0.5368052659745997
light_green_rice,21.864333979261765,1.36782467134479,0.7231069939513753,0.7101003987129115,0.9577452002427558,2.508186238014089,0.13364786075037657,-0.055756489967629275,0.20332589863137815
light_green_rice,-4.971064450329781,0.60598524415017,-1.6173964100620037,0.9530607853355058,0.7602980763649555,0.5098798031112676,-0.007185145775238929,0.6555833763643177,0.48151158738261235
light_green_rice,23.32394673559838,1.987499426561014,0.9559735781054675,1.7461388097405184,1.3968425541432288,0.022464570118827774,0.20846391568244022,1.1454452703908091,0.7584017180105145
light_green_beans,-3.019342071875381,1.933564224480069,0.44426713917951516,-0.023707742055517556,0.1484801656527162,0.23659775701372843,-1.247833857517073,-0.8779794231816604,0.788991768905873
light_green_beans,23.101786492213606,0.36042531729236604,-1.5339370010106894,0.5421974548682065,0.6557232542344141,0.3594482855833431,1.7311231590118166,-0.5437043355048883,0.2610408366965741
light_green_beans,-5.802911818902466,1.3475482573397801,-2.071440402845401,-0.20987688560102646,-0.5585465719196738,0.4450595178345865,0.674471244743506,-0.6740395157415983,-0.4693969380353122
light_green_beans,-4.18618502629864,1.3293349088575128,1.6310916957280615,0.3794007948356872,-0.29886408660332536,-0.42258277532718275,-0.745148803729676,-0.6573603899226431,0.4432283891226224
light_green_beans,-2.9656023565243235,1.4006352292897906,2.4828901312258265,-0.20747325671561345,-0.22611754486905883,-0.6119870767287271,-0.8920655947742876,-0.6690980576072517,-0.4905141159313595
light_green_beans,-5.165838643987832,1.8923618248670064,-1.6413912613326849,-0.49542633166188843,-0.33780363669509367,0.45776360410877365,0.2259947691138896,-0.9961504961359896,0.7548417596630288
light_green_beans,-5.522077590731999,-1.6876575637890951,-1.0018118022388272,1.1441035357144287,0.876056789343176,0.1770555460929823,1.007091568333973,-0.22692628570000584,-0.181261501993685
light_green_beans,-4.44333912443718,-0.1195542841240101,-1.2028725867905463,0.3998308360601124,-0.6627311583965921,-0.15589145668877727,-1.4080964913771377,0.0615889933290943,0.8000520985996166
light_green_beans,-4.387025198809381,-0.7861208107180635,-2.040092999190365,1.6452083438992142,0.2072282305908335,-0.23947944780602795,-0.8061132785741822,-0.023442537697851627,0.28765936287490346
light_green_beans,-4.882485839333447,1.2706754178175277,-0.8951975076033323,0.1697011781702386,-1.5150190256421294,-0.5040191925973085,0.29641322096972955,0.6290261385914049,0.6699929298447282
light_green_screws,-0.7443406722618787,0.2538678454343614,-0.8422886811949142,-0.796055479414302,0.08740348805890778,-0.010006787281071882,-0.2614128338241464,0.280046837632177,0.1872263795372887
light_green_screws,22.350415676833958,0.7030551358233306,-0.5114071496757008,0.17626629983414985,1.2943161866061788,0.9341215848024647,1.5773473110105583,-1.087601689084823,-0.9276482383795996
light_green_screws,-6.158012238460174,0.4601178042595144,-1.2495695310635007,0.12083102231669139,0.2865371711753702,-0.665521371779183,0.38518716316457297,-1.2332598061691746,0.1662494138523872
light_green_screws,-3.5962029064713885,-2.0545679023542136,0.23127551546473044,-0.43480625361221636,-1.3863515786480454,0.9234592318013473,0.420798611859597,-0.23039256548519232,1.0874774706881194
light_green_screws,-2.3296202227398353,0.29328434436401546,0.9887928636909487,-0.5527071708104048,0.035902270192205654,-0.6161376999500843,-0.6081017842585799,-0.16054822374396227,0.5776393972175189
light_green_screws,-6.237127456260631,0.022623657180340925,0.2835669810003168,0.4870149284342319,0.5636373194389239,0.4720051794174946,0.4243663416848646,-1.4150541510491694,0.0071474293740341754
light_green_screws,-5.276910162395346,-2.529015952688044,0.3585826035320768,-0.7907051873344466,0.506595283741876,2.201687397132964,1.4909882531106748,-1.1829540392014886,-0.29564141352789053
light_green_screws,-0.9950865144531084,-1.2931271761394665,-1.9723047023966431,-0.9805555023399903,0.6173934557055297,1.0269820749111314,-0.4676255428953754,0.4481537377568957,0.34919406668006736
light_green_screws,-2.5535631826439764,-1.1410004082784033,-1.7541212686407186,-0.8769298471147277,0.18740537368547402,1.2185248719871986,-1.0887032530896072,0.692573693073552,-0.15685927050895357
light_green_screws,-6.071798772856968,1.3779575090601104,0.543212095880209,1.2052481336743157,0.8061210878824138,0.31392981147171145,-0.35934580146301986,0.4411320973297805,1.0714367837378478
light_blue_glass,-0.05925648797300678,-3.3315554874369484,-0.5156354760369538,0.6355608082991496,1.763115978204261,-0.30201618686589876,-1.6260535215344594,-0.4687005360275831,1.2373724256101981
light_blue_glass,-4.486335050264425,-1.5659487782015844,-8.716620362759077E-4,0.4900394183211452,1.314668262872981,0.23713975988270009,1.4215421756280053,0.25411963498830137,0.36713864669503155
light_blue_glass,0.3285639536291176,-3.9486038783387745,0.10122344499342385,0.43940674128192386,-1.4906935820951035,0.5422553579109691,0.3052959073465176,1.0405166412438829,-1.1100742849118632
light_blue_glass,-0.33231418810128016,-4.286849078791814,2.146789681948683,-2.0419803418506137,0.5142569752157369,0.7754353613956579,-0.7450368248159116,-0.6354627340605006,0.6364969954349744
light_blue_glass,-3.5809356979630262,-3.0852603789470523,0.8458028876240683,0.005811188469685799,0.05680012198915545,-1.15691084362627,-1.0501717515422928,-0.3994345923244268,0.07977762774702041
light_blue_glass,-2.6140279908153663,-3.427664709383728,1.1569039274832582,0.45155564316852537,-0.29687309205725176,1.2720913983909823,-0.3567787401378503,-0.18838328365747792,0.43081064767261495
light_blue_glass,-2.5405466108282524,-2.5632605680361644,-0.7284341378914746,-0.6202299089067772,-0.4869986097625027,-1.087286190485856,0.6217928363241477,-1.2902119991835164,-0.085088239885029
light_blue_glass,-0.49052342274758354,-4.9709598278979925,-2.0700043666297385,-1.4409862543092598,-0.4208000295714567,-0.4354393308567156,-0.46886836162158935,1.2922598863334285,1.1768793163208209
light_blue_glass,-3.729021696639792,-1.2668527056910408,-2.127681656546895,1.5002673675687546,1.6298730977067573,0.6612835946743623,0.07448219318905737,0.6375293334203767,-0.19769945016393278
light_blue_glass,-4.84275671218158,-0.7708304678631581,0.36234740385506226,1.117176172321821,1.0368078768474032,0.608250015168033,-0.7702170293668433,0.8337044957966641,0.4572964266541715
light_blue_rice,-2.6608987044277317,1.8289777626933996,0.3615065261413173,0.22223853791044657,-0.19625080910033288,-1.477852816085741,-0.18624328136358892,0.08807100965688495,0.8297560789883881
light_blue_rice,-5.950818812260917,1.2506579573869259,0.1358578898556747,0.33480527391676523,-0.6051925628595617,1.396611838708698,0.45483341458096244,-0.6343977219526148,-0.566005323504472
light_blue_rice,-6.356812857643321,1.079940876776353,-0.6380211370665497,-0.07770569321175608,-1.6329399958185873,1.6290997347353038,0.5040763303436857,-0.29871989972608626,-0.23615093527402614
light_blue_rice,-2.2226873316192464,0.9091895886773913,1.849019723118063,-0.7305057678218859,-0.6269947658762546,0.615126485683001,-1.2688165493003576,0.11141297140522367,0.07201842894800758
light_blue_rice,-3.6281502477767607,1.0037988631445673,1.9617473013532871,-1.364392068618135,-1.1205044239168798,-0.7502684683324139,0.5937628684629473,1.0646489375770904,-0.4990426840351472
light_blue_rice,-5.153757480137694,-0.3648810109077541,-1.1250259582839441,1.1863616691157612,-0.5011786923806378,-0.7246529987293318,-0.14569669019449005,-0.3627898752749558,-0.30019506172945937
light_blue_rice,-6.24757023769049,0.028647307376932236,-0.4306849498333755,1.2934770909703384,0.5584805175490617,0.2157899556846281,0.7326753431421357,-0.12234960094266344,-0.15202451398674754
light_blue_rice,-4.179056464143459,-0.2620598626415738,0.7042664000035022,0.6844599405621055,-0.47639695295450457,-2.322986839824279,-0.2299415599594853,0.4594499255548463,0.3801146091674455
light_blue_rice,-5.166909732905091,0.026107783909122523,0.564509726371582,1.7068989282940012,1.159465691693293,-0.9142859010405457,-0.2665700723647384,-0.1292742553031963,-0.6859082003097102
light_blue_rice,23.560664300215596,1.4428411276879105,0.3270526389118336,1.201371648515453,0.5968923293504624,1.9154530130940022,-1.4499060551617917,-0.6734987028515272,1.1688929340312189
light_blue_beans,-1.0236510344954495,1.459006204621859,0.4793758362678824,-1.091504614048646,2.148557504710483,-0.32645274645048933,-0.4259920436518299,0.30263555166427397,-0.2266505336034346
light_blue_beans,-6.548689392170895,1.0311407849828735,0.9315164747709667,1.051456322447471,1.079979373074041,0.5148609555299143,0.21244530519622534,0.340251928854638,-0.5371509190172026
light_blue_beans,-5.528523371068449,-0.1581451226535427,0.2289697599403654,0.608482495301246,-0.7969181392984427,-0.3429565923625833,0.2582959574711188,-0.11239578295798947,-0.8803384791879647
light_blue_beans,-2.9814018648733085,0.09734309533759845,2.4568676843713995,0.6306197893573546,-0.30413353194488324,0.7231208229194185,-1.4585778666611675,0.1467231818827398,0.6539854344230678
light_blue_beans,-3.6443357594758297,1.0909347671359895,0.9556704141779406,0.10835281890836838,0.5118686287355496,0.10213533828962904,-0.11853376941142361,-0.9371001080101641,0.6353863904798347
light_blue_beans,-6.070057414803776,1.4252806855256492,-0.028748364590995987,0.022167324219114368,-0.774621174545713,-1.3476105250041324,0.5605694309777759,-1.3907261795011772,0.13338288304976836
light_blue_beans,-4.781686847773576,0.010314855640403964,0.30227523456060024,0.3201085836110784,-0.09263645791873694,-0.06169316901322751,-0.759143204342062,-0.5570144041783045,-0.574188401499058
light_blue_beans,-3.344524824145898,-0.1371141710713248,-1.1736046788768295,-0.9349734108371937,-1.508147162722095,0.4297391667813702,0.25822059885146875,-0.6359176787777799,0.7398280510498049
light_blue_beans,-3.2261480196182877,-0.46363822055190057,-1.0030618629757717,0.31635688122518557,0.02706918741330669,0.5727750703622897,-0.8334881664047001,-1.1611305866183983,-0.156878541931865
light_blue_beans,-4.288729630212422,0.5518461664439417,0.35421414087956593,0.06057006245874007,-1.023612617082369,0.19615452114022253,1.3182850424675867,0.890421757228151,0.8050240204871858
light_blue_screws,-2.549307944526743,-0.9582426904815766,-0.13015744222700315,1.1707218130758301,2.4889683374077176,-0.29225147355391096,0.1863098819742014,1.0172700808876283,0.641999095161893
light_blue_screws,-5.523040095419025,0.39396006463559513,-0.9107021998727381,0.1499496471032957,-1.4746481617173222,0.41625920492519625,1.4119984237534486,-0.6093148215061416,0.19650190168527962
light_blue_screws,-5.257525959600357,-1.2547901127014927,-1.7933688709864708,-0.21687308242042863,-0.6514950726690988,0.37931054972199896,0.7358992176707109,-1.1920751243851389,-0.10545672117549271
light_blue_screws,-1.9597272755349655,-2.1331348258809752,0.5364719351728573,-1.2848363751524576,-1.4500418493547809,1.4011983856422745,-0.8189838610127579,-0.27747425293275785,0.3397447509112943
light_blue_screws,-3.695974134629734,-2.2932994713328894,0.6767973598451752,-0.015076356448196163,1.2879696467589437,-0.08413094842342655,1.2392611789921675,-0.9457406753543914,0.1462837152564936
light_blue_screws,-6.047969560561326,1.8360195919105537,-0.7653646574961931,0.38789293464546676,-1.4376124242854456,0.6433295579151966,0.166719168147085,-1.6071530511514749,0.2355492603052609
light_blue_screws,-4.93373237162394,-0.3199858432643314,-1.4328521854091112,-0.6662279964995774,0.3357269968258821,0.6272774466330625,1.254382947989461,-1.3511396855756697,-0.2802965540976349
light_blue_screws,-3.1896930112342243,-1.1008731452613099,0.10546551276589025,0.3677389442992314,0.47363598407182955,-0.5686286128803365,-0.199505360071691,0.04265590309532144,2.1494710730137374
light_blue_screws,-1.8032307368089902,-1.9642097755090997,-2.6158060048235035,-0.516873413505418,-0.2541976344523985,1.6972420538770947,-1.3980148834866475,0.7585436225648148,0.7141121025455248
light_blue_screws,-4.354021223254828,0.5429828333276685,-1.1880083880115417,0.12329939584718311,-0.1888481890041658,0.8821781816777555,1.0640499612443663,0.19578258551475042,1.0043233929367559
medium_brown_glass,-0.6558460678799034,-0.3287440395935018,-0.2074743031440233,-0.8857497661004047,1.2274448009383292,-0.8254910426573105,0.31906577569955413,0.07946876789532174,-0.11380930833933117
medium_brown_glass,22.49330344775505,0.33414728550149314,-1.097595713580186,0.7506224677977362,-1.3307812161040964,-1.3603109213717615,-0.3819631687979329,0.24073691820717946,0.13402857321891593
medium_brown_glass,-0.0012735130239114583,-1.10145534801837,2.503569015956786,1.2686797620329369,-0.8415784641740858,0.11789246751461037,0.3134136080081392,0.42231131957570445,0.880509706927964
medium_brown_glass,-4.063257955747278,-1.0467459361114406,1.7326502528023493,-0.4876070341076031,-0.1473574918991101,-0.7787034448531774,-0.2628293124683891,-1.1445709847351662,0.4713024689682261
medium_brown_glass,-3.2025266263485173,-0.042113955225838155,0.6771186954499049,-0.8543757887563406,-0.03895492399180532,-1.3336181351910799,1.9226425242591847,-0.3597329288915435,-0.4353658228988839
medium_brown_glass,-6.117862365444827,-0.23537843362985275,-0.30917488455535425,3.898932680339237E-4,0.3655530125061627,0.6106384176173096,0.13727820571224839,-1.6594102955769618,0.32444122109501267
medium_brown_glass,0.7442359632264384,-2.5817668765350588,0.5742646382172898,0.7968122298305838,-0.9104242035020778,-0.9184649421122325,0.05389530792019194,-0.11690128842882459,-0.25199110024849813
medium_brown_glass,-1.880819773793972,-2.2026099088916364,0.0033454670512520442,-0.7749265578353033,2.945576989173289,-0.27446473643310093,-0.08554384180678953,-0.10707396341828043,-0.16423738214698058
medium_brown_glass,-3.8526250324329294,-2.0448651236031457,-1.9764757898465843,0.0026194497543302817,-0.43329331874963967,0.951187160470647,-0.05199623285651611,-0.2972224459719447,0.45211991026294435
medium_brown_glass,-6.151444838349796,1.8717109050745346,-0.3424160096780727,-0.24090823803561465,0.7618049561059028,0.47821478953087804,1.3057935596731016,0.8981995402918815,-0.7575721790198437
medium_brown_rice,3.4913109165015603,2.077343002984005,-0.015214047023744036,-1.039275381149489,0.6234915231523827,-1.023732737723562,-0.202552427296163,-0.44997053071493703,1.1480217616752586
medium_brown_rice,23.026077551711385,0.6291487509739646,0.1319158873989759,1.0268273422768806,1.1007481163664277,2.2594107331211153,0.9295486405189692,-0.10480152868574737,-0.10527060264406693
medium_brown_rice,-1.2526701479901965,0.4062796061698985,2.252000423440499,1.0261190767564095,-0.9786655366415359,-1.219377623642592,0.14465310745355342,-0.3340058147231726,-1.585468115695324
medium_brown_rice,0.7389769419933285,0.8420794952663221,1.2182176920980288,-0.28689315655458897,-0.05654536773576255,0.9146073190242474,-0.15218283736696217,1.3025395654530496,-0.34651260912789733
medium_brown_rice,-1.3648074294009864,2.023164007664229,1.5923273032594225,-1.7898582026890046,0.34540693086764723,1.0659006903053145,0.46188952648999465,0.07812402082119557,-1.2621829788498025
medium_brown_rice,-6.216725769938043,1.8155512807146705,-0.36485846770885977,0.4388336405737029,0.2733899705420791,-0.27025599044918924,0.41777117494453675,0.5042952518760775,-0.029653294301928913
medium_brown_rice,-6.075799641534705,0.6858882732047197,0.7721540811564183,1.077651248469476,0.5761159840559796,-0.01827992282538803,-0.6509750331652624,0.6773982295793107,-0.23875023409064278
medium_brown_rice,-3.4523811927024113,0.8604817379317162,-0.2855170613211239,-0.23377199757959935,-1.0543079599331737,-1.4730361804168783,-0.2546226938215097,0.5663081047007784,0.21688123541073734
medium_brown_rice,-3.2104992109242776,-0.4416391298860132,-2.065649986751283,-0.24350228652661046,-0.699389292173926,0.4147184016298485,-1.0439350421570635,0.151287898902253,-0.7840839973455846
medium_brown_rice,-5.781587630544359,2.4308597273398025,0.6563632051758949,1.1048408570592247,-0.4185562589165686,1.4551188548191314,0.12463514515376956,0.7694947074868965,1.077960260289532
medium_brown_beans,0.8425041996478345,1.5273836938628362,-0.8410161585806089,-1.3673753983723842,1.8747788829539462,-0.6520983845269523,0.1146796747318462,-1.1415758670692289,0.839204491186268
medium_brown_beans,22.5176679009604,0.3457461690519554,-1.6055476548108,-0.016740855447246072,-0.6262960730634679,-1.14587004003103,1.1642932481918635,-0.257945388194041,-1.124510269714301
medium_brown_beans,-6.0441398473416506,0.4760326480334945,-0.19729678596638328,1.373123012318952,-0.6619598971486921,-0.11259194875602274,-1.062076418339875,0.7916335976592054,0.4145796668286429
medium_brown_beans,-0.1936622984514442,1.1625149398700285,0.9319752367171055,1.012956897918343,0.25925797573858955,-0.7931275319393721,-1.3431078748511234,0.32262399190941127,-1.2627379791748174
medium_brown_beans,-2.0232103458999213,1.8035826250285614,1.8152693838281242,-1.224906871037635,-0.4408012316251582,-0.8594590406757492,-0.219801224615323,-0.7619491739193499,-0.04166716961891445
medium_brown_beans,-5.158980087173913,1.220730358657666,1.722391000341902,0.2837837599825808,0.16437103143331186,1.1823259524456724,0.28998538344910574,-0.6037868700905046,0.4573738119752402
medium_brown_beans,-1.8116672661426685,0.29761265468077763,1.5635766477428776,1.041960966061845,-1.175481796129102,-0.6898721117894806,0.6580112756450576,-0.8849134169203988,-0.01798882945897109
medium_brown_beans,-3.557762077953871,0.011708388616899386,-2.1605898086012423,-0.1418336500746524,-0.7710246782012515,-2.495337922888235,-0.07680106879838712,0.419829328484286,0.4634828203277995
medium_brown_beans,-5.143777784399551,-0.35683852346752754,-1.8182099586247453,1.5864882302469172,1.5438842278330023,0.16955694543441802,0.5265765957177098,-0.40829317051849323,-0.5304904912613677
medium_brown_beans,-6.710685521567336,1.6924614867058445,-1.0574601314905605,-0.22900196313219473,-0.7951633173453911,-0.19621837092933067,1.4979185627147098,0.07734114896667801,0.4253526464920336
medium_brown_screws,-0.37215493950298606,0.1288217304484528,-0.6834559336901006,-1.2206441279727287,1.8184706599818963,-0.9869605958283094,0.015424089835321455,-0.5676568335519773,0.9271461262107089
medium_brown_screws,22.003732856521275,1.5449789138564891,1.036218370487706,0.5250018392683131,-0.3046032133895609,-0.02057135710850107,-0.7683682502457442,-0.36856384576832385,0.2888066046950794
medium_brown_screws,-5.770370444848579,-0.37198831238277885,0.4209164438383735,0.113480933779658,-1.376473926173958,0.6575199346005278,0.3715142291887731,0.04797033986571901,1.364311942442705
medium_brown_screws,1.3645687297321085,-2.0392863766050517,1.2212288889315734,0.3459045700631765,0.24224984030768876,-0.8093218849608671,1.080791264284895,0.3725375136076435,-0.7422458588611475
medium_brown_screws,-0.1629072396406771,-0.7494258763090951,0.9244731264079272,-0.2853994468872105,1.5273190827839964,-0.6374831743007182,0.6024617464216224,-1.891770667719784,0.966997753248919
medium_brown_screws,-5.633589967685071,0.9466274466025293,-1.1887958595339763,0.4801043028533076,1.2375744148399885,1.0654134348034467,0.49902236572239766,-0.6999977829147859,-0.885279765224407
medium_brown_screws,-5.7139219181100485,-1.4418966406625282,0.6656200322574629,0.5209883930511561,0.9009038430258387,0.2325188544126317,-0.10372126521499475,-0.13921185000955064,-0.6405225553054998
medium_brown_screws,-3.6094528646177784,-1.8855111777133882,-1.8782546099643727,-0.3948618870994467,0.2380851301391968,-1.416009386362408,0.9416225087116373,0.37337506280688937,0.9903630897642002
medium_brown_screws,-4.377396364612657,-2.0954411305035503,-1.698602624224006,0.00366308983631692,-0.6759486918949684,1.1420722656100348,-0.44433497937452837,-0.1528621763558547,-0.49223197156833415
medium_brown_screws,-5.459287799057884,2.116929266251999,2.2303875891051756,0.0573153793306381,0.0318675799391897,0.6681550925634426,-0.04518265082988979,0.09619067032215756,-0.22712477708777368
medium_green_glass,0.32362750431771165,-1.5194025711435615,0.10882438080679431,-2.045806920610715,1.528741821306598,-0.8069827025469194,-1.2823584274115205,-0.18085812994188014,-0.8957461860204223
medium_green_glass,22.5139985623822,0.8703528951819867,-1.560649307332851,0.9766044640959644,1.0991337368172822,-0.15133046202963976,0.05852787976264762,0.7512214919629191,-0.23140360488529033
medium_green_glass,-3.4448910540810602,-1.5320742083071486,2.1248637858828228,-0.28539590631907424,0.5526901833044519,-0.19833791157302808,-0.8266187829292327,0.552592958269713,0.6235895659639908
medium_green_glass,1.2735434600754623,-2.829742419073479,1.705492529559101,1.1766192071771913,-1.4507746890606565,-0.21722027484474662,-1.1537122795996602,0.6052114694647073,-1.2633138030727677
medium_green_glass,-0.9785878787001495,-0.12148153612832632,0.8121779140360038,-1.704741510685322,1.2731130439152074,-0.12443686902988367,0.1609934420979321,0.286422733593866,-0.07894359670158355
medium_green_glass,-4.441083276303513,-0.9361711988885416,0.0038765198223762514,-0.6113871066349732,0.7851177114015416,-0.07993316141727687,0.9466692388980871,-1.1253052936239587,-0.38869533518057725
medium_green_glass,0.042328597130403066,-4.75166202638384,3.5718065349752557,1.5347382006865695,0.5140607268964538,-0.7190286282485016,0.4234489688440239,-0.4709899956465249,0.08301136951783092
medium_green_glass,-2.2922350171498875,-2.9074148178734793,-2.013369056758013,-0.7921871783511654,0.6651765334404499,0.2300305668405922,-0.7241421377057998,-0.9113751511580725,0.5256801430334076
medium_green_glass,-3.964312639750431,-1.0348807092413326,-1.9316943230171666,-0.7693360278552408,-1.184323612160412,-0.07137107616666152,0.5042402812448948,-0.3249332833280019,0.19447625258685697
medium_green_glass,-5.137200080326132,1.2802612314866497,0.525842941636695,0.3084149247912825,0.5113481013582936,0.6590554757436684,0.7608931423753045,0.3870529179252799,0.7689767241249672
medium_green_rice,-0.45849244616990725,1.4674307813374754,-1.4934182400600373,-1.3531093128737928,-0.2644454485329487,-0.6998738436445762,-1.0225329705089623,0.736475566559303,-0.7598354652357721
medium_green_rice,23.219543162524698,0.1400975159293214,-2.581207395750701,1.2423215128405427,0.2511411592163712,-1.1386989750868863,-0.6507560186913981,0.18735615274186673,-0.31295113083435466
medium_green_rice,-4.582380363347114,0.5148169520651071,1.0643968082835868,-0.24255391146737437,-0.5900172594514927,0.4886668315018628,0.24333569885962206,0.31865594007994114,-0.20819869016138565
medium_green_rice,0.13944532838615872,0.6725235406273291,2.12661922681833,0.249059974398101,-1.5720618474926233,-1.2812066115199134,-1.1868558076165925,0.8735094429288564,-0.8848382852085958
medium_green_rice,-4.564671276448184,1.0366555034047606,1.8369243308178589,0.04921536288739937,-0.424708398528575,-0.20777416930019485,-0.6450565922771774,0.17192169746543842,0.16407167129358416
medium_green_rice,-4.7316166139437215,1.2768454348047362,-0.038745553450869656,-0.59041615110772,-1.0856216132103504,1.5207677275375961,0.08173928167729146,-0.3306010625277452,0.17406808816549696
medium_green_rice,-0.7085199792720137,0.3296060907840531,1.1225134030192545,0.48202770739356593,-0.3006893945679519,-1.1646246114853367,0.5229492421358981,0.5595483059864488,-0.6454213259090902
medium_green_rice,-3.156357770127427,0.47382045329904976,-0.6359169040877853,-0.657298247379796,-0.5951102601197618,-0.19343982733242043,0.3483230301732987,0.5115746210904315,0.17609035440926507
medium_green_rice,-4.392096511870474,1.6925434956872467,-2.893801659095505,-0.12938144275384844,-0.08197446609160368,0.28026605500055574,-0.5966531837116421,0.9427698228278182,-0.5903468680372479
medium_green_rice,-6.166972715330896,1.6876823302814579,-0.13451480306203517,-0.1793603613936201,-0.5601976018820914,-0.7704493452587494,0.9029489985523571,0.09411423130535951,0.2802973612504405
medium_green_beans,-1.500403831779916,2.534284566440909,1.1773668568363633,-0.4415107715261759,-0.48150748053766423,-0.3733001313907726,-0.8691011301250433,-0.49123199111452415,-0.39068264106394435
medium_green_beans,22.40124117759069,0.7461908866842835,0.10271885400557826,0.5028700608912022,-0.1144802290128838,1.241701632980815,-0.2901054006403667,-0.6131197987485495,0.3104112346536616
medium_green_beans,-0.8681953017542263,0.7020242794443752,-0.2548716210053559,1.0352028415385828,-1.0537710842288615,-1.048119947949163,-0.9600819272722386,-0.2717513064502251,-1.0943324692990857
medium_green_beans,-4.187780082392995,1.0036891995843749,0.8518914087697669,-0.6833064345160766,-0.9106026602617476,0.9838579761501063,-0.7742905188745894,-0.023068902242978022,-0.8092822058287081
medium_green_beans,-5.068568404688449,1.4283663202552423,-0.13154618201238993,0.09819318536505822,0.929369220803848,-1.2726630698032981,0.6604674117700856,0.19648934178117022,-0.14860893163245034
medium_green_beans,-5.111338401207568,1.6349194996860343,-1.3727131868270883,-0.4345911798160014,-0.16711279959309205,-0.24461620001563297,0.28955330309837984,-1.6775980902219134,0.46482299127561777
medium_green_beans,-6.557930297712137,0.7652732091850487,0.9735044713063806,0.8245438106620993,-0.7104878096689112,0.4002647056358798,-0.5884161344127652,-0.6280873139008808,0.3634210494461567
medium_green_beans,-4.239083951291011,0.07840072250122854,-0.8182240468383544,0.0333753759202733,-0.45054271726691847,-0.025031100653717532,-0.9180685501197879,-1.6309373877177333,0.39131438507055194
medium_green_beans,-5.618992076500633,0.6475112599783018,-0.33065740614537986,0.5128006475646826,0.7383080123122524,-0.1141412165453404,-0.25533216878096054,0.1215816180885127,-1.2154259274264005
medium_green_beans,-4.490303923707299,2.025473254520643,-0.8737458431487802,0.3461047228673765,-0.32099116233183794,0.6913408291406226,0.4110209227866549,0.776887993182818,1.373421320459482
medium_green_screws,-2.9691292973910475,0.279177060676479,0.02748015752051024,0.3736087512597555,0.9146707275915845,-0.6990206395231349,-1.7683727841803933,-1.4716779710785732,0.48524080459439284
medium_green_screws,23.547073238833605,0.6967009688503952,-1.0417083015156374,1.8069980084633381,0.7224488341406633,-0.5095378634330605,-0.908671947106048,-0.7761319918941103,-0.34353218151247267
medium_green_screws,-5.226639777253795,-0.4215554583939294,-0.11966765722796091,0.020795873229265356,-0.7874855337828709,-0.31061579701010544,1.2546444463674136,0.8233984593082511,0.4570699989634891
medium_green_screws,0.9021325100629725,-1.4238843831354755,0.7562992554754382,-0.134888309963653,-2.0940707309320485,0.74642697462314,0.8019778773711651,0.27655577675910226,0.8832465424391942
medium_green_screws,-5.18552896795986,0.4456698762979433,0.8164303760555426,0.330477550803327,-0.3222032750241194,-0.6289948205392687,-0.9364984746815753,-0.7564986459199596,-0.3257354433901496
medium_green_screws,-4.623605066518981,1.9637444136460125,1.289567153814442,0.34554067773436675,-0.002594190069341122,-1.0778910104684793,0.1962696051132237,0.17049618719680715,-0.09385334964569635
medium_green_screws,-0.3657939756485782,-3.3245580924774667,0.9612248330140379,1.3970143877487475,0.02561326308586163,1.5470391420744427,0.40158563430795813,0.29771212973368627,-0.5275320387865654
medium_green_screws,-2.987670990947154,-1.6254394520091562,-0.9669544097641051,-0.43255575864949447,1.2890478768660703,-0.7701380922873441,-0.06637186809195603,-0.084988604681258,0.8307789266720471
medium_green_screws,-2.0548541647990466,-1.1418128533253855,-1.8219625867083775,-0.8928070880996429,0.033315616867393635,0.7260325342803996,-0.7206173598972135,0.6775604164570929,-0.0019516487518844508
medium_green_screws,-5.597332928663152,1.849518975499628,0.25004220040419556,1.2811089797006088,-0.3910152605530351,-1.324137104038934,-0.4579405578527217,-0.20115944533795616,0.4817290058517923
medium_blue_glass,-1.0192292652271218,-0.2660927410811351,0.13285849732259483,-0.3845760577043927,1.668021628887064,-0.4709999078843976,-0.600110070372138,-0.6384586638426829,-0.47457279294041177
medium_blue_glass,22.411040839068285,0.3056880341497378,-2.033702072927701,1.127313602703373,-0.7128172991099012,-0.7193478932036256,0.4958449024067721,0.3090791259100646,0.338636512508214
medium_blue_glass,-5.485990238942108,-1.4206229584903902,-0.6450614707127929,1.5680477280713725,0.1766667775967414,0.322373473129816,-0.48494141988656975,-0.24569140141770227,0.41331975840780116
medium_blue_glass,-2.4403006907960987,-3.5238758757213327,1.4774188304815707,-1.1766014224211105,0.02682253447338982,0.2226828789505535,-0.3607291777281223,0.40506449364822134,-0.0154814068284619
medium_blue_glass,-2.4121213629981915,-1.845379816459072,0.8475233386869577,-0.5454126533710117,0.6637379681650002,-1.5097322648490457,-0.011804753623079402,-0.08961960577161067,0.6750109520243187
medium_blue_glass,-5.463451011016259,-0.3809956710805075,1.1259734973247566,0.6070529264133324,0.9351899976012856,0.24812450017120213,0.2825197844857356,-0.43839586775339795,-0.658935751542568
medium_blue_glass,-4.323030322895831,-0.9827891198637002,-0.9430350237584132,-0.44912683873868836,0.6458469937152693,0.04773702739041968,-0.061177839399623055,-0.9537298300871607,-0.27410859820264616
medium_blue_glass,-4.052925750936678,-1.0657990324715503,-0.5917213269372544,1.693482728853346,1.4569788531433374,1.1820634622128925,-1.5377929371979118,-0.11541500515271458,0.723888429609108
medium_blue_glass,-4.2176522816225805,-1.8493040567347119,-1.0388839522719011,0.9182197843368641,1.2769831925414574,-0.25513197587194625,-1.1318272287166418,0.06460631069023294,-0.07421383629601785
medium_blue_glass,-4.413656124551326,1.5748971187340541,-0.5108007467356501,-0.8492864900010947,-0.18039332918785056,1.8050403938895303,0.15524574475188213,0.3004042105132938,0.3130689646677065
medium_blue_rice,-1.5805863129237614,1.8466474687045427,-0.30616659508720623,-1.7946271324749392,0.6197922270621792,-0.46681007117490764,0.14420752956353958,1.3424425961691853,-0.24919937005629275
medium_blue_rice,23.898219164264063,0.9762809395070366,2.70972369857314,0.9249971576324567,1.4323547053408263,0.1282413386174599,0.43207020894672193,0.14687912251921614,-0.028185884118508697
medium_blue_rice,-6.020704162641755,0.9127922611677659,-0.9075784341403995,-0.8130674618631364,-1.2775575019374348,0.6497991854611564,0.23047702477615975,-0.4787721194428904,0.6425718373692089
medium_blue_rice,-5.5194658591560195,-0.1636011745594959,1.4055178842745328,0.7070530252607745,-1.953760628226608,-0.05307504247251552,0.5134068768629727,0.22774539626861423,0.6755264584334268
medium_blue_rice,-2.6628085657409617,1.303035808248333,1.4145460613981808,-0.9267318963989485,-0.02687879139857886,-0.3639020929908091,-0.20131205764782442,-0.7618216978248851,-0.09763051144983911
medium_blue_rice,-5.795214784926373,0.9827038888907444,0.45565523661645,-0.07931345619071961,-0.48395022889693745,1.0410264492445203,-0.8765685880225252,-0.36455018359216557,-0.3936662358513555
medium_blue_rice,-5.402684194687278,0.5788841682870915,-0.2012122729169108,-0.3385873839464778,-0.11927567698172231,-0.1385494169169234,0.7011348395001112,-0.49448285561927147,-1.3678379109056091
medium_blue_rice,-3.706924766953296,-0.6640019279335936,-3.6236719197753384,0.12416100724919624,-1.297036000012398,-0.3056468104729419,-0.23010915701186452,0.6458836567005404,0.21001291916853948
medium_blue_rice,-3.6743102472415954,-0.5501907736580505,-2.5313289477194183,1.5993941316777824,-0.36944375432432053,-0.22792930781465537,-0.938143494712181,1.0170552372201702,-0.9073063836356697
medium_blue_rice,-5.65887780075467,2.2886330202814413,0.5916905199710286,-0.390988568793562,1.5533036235034268,-0.7566309603272441,1.0705073912648513,0.8746041733486842,0.6114214088710225
medium_blue_beans,-1.8204988501178538,2.209695643077124,0.5206055065528589,-1.80081599243997,0.024314176494975814,0.9360888098961432,-0.08538508310057973,-1.246018667037514,0.3017038759071743
medium_blue_beans,21.201385493001734,0.6259995443476354,-0.9883458446213129,0.8178657298041717,-1.2813917384656162,0.307539254830485,0.6841540325141611,-0.38547606653875366,0.6872113246111016
medium_blue_beans,-4.156738544779029,1.3651820679995121,-0.24575137875166866,-0.3195150585197367,1.3765993279091338,0.8906728552407336,0.19648309582245124,0.7052797032382461,-0.7216076500864955
medium_blue_beans,-3.2810018892404327,0.8992395193243308,0.8718653235276265,-1.2437613322502776,-1.2517961108462845,0.4538269519901629,-0.032402857227190704,-0.03992582276568016,0.6946644955170116
medium_blue_beans,-2.341249651564363,2.2198133652834717,0.33325281164451953,-0.5146181181290127,0.8161113899955137,-0.5940393918002342,-0.17718989827347628,-0.7181244073387516,0.22441441029430567
medium_blue_beans,-6.757409583447299,0.698782796375246,0.8381581566250791,1.2753598861032451,0.20713257943232846,-1.008728883705045,-0.6385210811129255,-0.887205572519219,-0.3177289798364187
medium_blue_beans,-5.489244079018372,0.9203841247305795,0.392531841691323,0.031334944241676585,-0.7407088800464694,-0.5842738697390771,0.6874105536230349,-0.24484655684279238,-0.3843011111661375
medium_blue_beans,-2.8208525094854284,-0.6391755986386011,-4.004007084032763,0.0013667404662296365,-0.9182702823854807,-1.4555475285085169,-0.39548608508013955,0.8489495931307931,0.20266471439858086
medium_blue_beans,-5.423064960850413,1.5050755736280017,-1.3418922238667683,0.3148174338386234,0.06043420020607342,1.2320903102451666,-1.1946207361630452,0.016112956515409657,-0.723473242169534
medium_blue_beans,-6.928313618842334,2.3790555070958055,-0.5260026061602914,1.3226965069948413,0.7188877561772316,0.2767455636917342,-0.17743822984908475,0.012052648031126139,0.25453409117006176
medium_blue_screws,0.5614712474655486,0.6526888287268058,0.534442234118772,-1.3400448067440744,0.3259753980439215,0.2913082852918979,-0.12897956406718494,0.002075549266515306,-0.4760093024560597
medium_blue_screws,23.72709749987169,1.4048426626633097,0.3102122224785107,0.8634149692117917,1.755237264101849,0.5992904437990814,0.9684976770290925,0.18277596740645383,-0.137517451346228
medium_blue_screws,-2.850516647721392,-1.1362567790825657,0.6617579135366363,-1.0073365924467614,-0.21792108307508998,2.275692965159459,0.17669287499533637,-0.4710139527031628,-0.12271307058261505
medium_blue_screws,-1.7692588406452259,-1.4200941784003573,0.6800225361601622,-0.4995167134968307,-0.1642886041471962,0.8409704815949495,0.24221315139531707,0.2857193997398932,0.06935908113991607
medium_blue_screws,-4.167360882402178,1.9141737739679168,0.8432839813685118,-0.7951120539277935,0.07156950200757098,-0.15258799022944577,0.26827241871964536,-0.36909361530305473,-0.40467199579023005
medium_blue_screws,-5.548661543500822,0.8931804409190267,1.6216937468402557,0.30666611862646037,0.19427852911874816,-0.38733954196782294,-0.6388731770920251,0.22823628743131505,-0.2896040070537148
medium_blue_screws,-2.2969921726619873,-0.21280009161474162,0.7388151519475554,1.3083193312039343,-0.26755141971467206,-0.7254338193522913,0.03756243265388422,-2.079775402196495,-0.22065685912000166
medium_blue_screws,-3.2179613127106657,-1.1624910102817423,-0.4849486480857438,-0.22754560304056226,2.2572230040214616,-0.3145645737112068,0.8444504286907942,1.0575448995971959,-1.0744412029052128
medium_blue_screws,-5.103174602893565,-0.9737526469490807,-1.9168439155043955,0.3027920455684814,-0.25856532010688604,0.5745031722275195,0.20738478140268055,0.4701960219846825,-1.4502314332034645
medium_blue_screws,-4.816578111121656,1.0534795694424248,-1.736598034491652,-0.09503717695241877,-0.9266859900468906,-0.053445216204012796,0.4948140053999433,1.125595134392161,0.40890385884551755
heavy_brown_glass,3.7122954577648217,0.12185225117063259,-0.8271024645586397,-2.697168445598915,0.1828900020148608,-0.08450714448223151,-0.8513762042679673,-0.8718490174189291,0.5844274823415039
heavy_brown_glass,23.766852755064786,0.31634823082556474,-1.0978640839620535,0.39442321278217796,-1.3146713903536547,-0.2652778828445328,0.9676301949037867,-0.16689801527418408,0.23859823652908857
heavy_brown_glass,-3.3526899761960345,-0.8540771408410817,2.21827846759271,0.16617889706527528,0.062412079807358654,-0.821560474280607,0.5183186285796654,0.2333245495176906,0.411375874651334
heavy_brown_glass,-0.04380061990211514,-1.963031332921937,0.5121494681075046,1.3419955447790126,-1.3317404412905982,0.6657486853363584,-1.3792829041357957,0.6448798202467981,-0.851717257729165
heavy_brown_glass,1.763095839884584,-3.800915903161018,1.0703284385166754,0.32049828072284914,-0.3976854895576592,-0.19060944911006267,0.22253373645295094,-1.1641397084970948,-0.21412271408333672
heavy_brown_glass,-3.5983358563149106,0.7541310340501789,-0.030614345788018537,0.10433918370540206,0.4284387339977188,-0.42403568777689693,-0.953311809274499,-0.07551387280853745,-0.7088877311830529
heavy_brown_glass,-0.2887793748755589,-4.021962849488566,1.4909889733967558,1.7561326666301122,-0.5904404215794226,0.8777769706665487,0.6453619396231824,0.09483238919381053,0.4804345663987085
heavy_brown_glass,-3.0265898881809545,-1.6582731481635107,-1.975943396583272,0.16554016108624559,0.32364645260000674,0.19895675071481742,-0.48979422294865943,-0.0766118282445442,0.5481012526436216
heavy_brown_glass,-3.7407896241049676,-1.7238026871671435,-0.8997235817852536,0.4037239686608583,0.5416177108573937,-0.9128760616930928,-0.16138145228602313,0.20928319494084696,0.5068367302719416
heavy_brown_glass,-4.801285427738345,0.5377960405803881,0.23289471145930005,-1.0581521239688034,-1.0605473331097566,0.17761768222486515,0.7267088358952721,0.06058146997480818,0.1028246485309853
heavy_brown_rice,-0.013366972479094307,1.2217607089842641,0.09386920140257685,-2.254579246502317,-0.9808038302412269,-0.808731234692554,0.8768508324515053,0.38183209450324174,-0.5585465632129168
heavy_brown_rice,23.14710950912614,0.994625657135314,-0.910874921518769,0.9623060303869195,0.5773581858402375,0.32523726819773313,-0.8270283580102193,-1.445122271512267,-1.6550448548357153
heavy_brown_rice,-4.858877033463891,0.6628689061516035,1.4748775115957857,0.5923241533796113,-0.2093250012026058,0.3020492967036676,-0.8674307066976398,1.2216674730932282,-0.2727017751730056
heavy_brown_rice,-4.142414545237539,1.410969124290708,1.754797762895927,0.41795817178730665,-0.48530227658734815,0.7755664873149596,-1.1640226370147486,0.07536940155783127,0.5046734960548961
heavy_brown_rice,-4.955496052372114,2.1692493459334488,-0.204283702340289,-0.989746750245403,0.09942603572735341,0.6669163647226826,0.9541897254859842,-0.2588359937350486,0.08325580643753219
heavy_brown_rice,-5.495569747198947,-0.493862522111489,0.5180283374646122,0.470316388482791,-0.1278252220659546,-0.987572629532028,0.5123006158925086,-0.00378416154522453,-0.8194138358868662
heavy_brown_rice,-1.8457464915649529,0.15273139685742518,0.9251282743404706,0.5749820749717005,-1.1657130398765037,-0.04235771307791959,0.3134615069422887,0.1514640927172295,-0.5522030287913644
heavy_brown_rice,-5.360484105483491,0.48132431702425005,-1.778991472049367,0.12228618420520362,-0.08673650757149903,-1.0168143571023691,0.401376270449203,0.0015535655906131554,-0.33269287607930376
heavy_brown_rice,-3.3343281354723544,0.14856029289261097,-1.639886405785854,-0.10683206949755601,-0.020613585659214055,1.0209284336452773,-0.48061964180108163,1.1206090192870781,-0.4493661484650364
heavy_brown_rice,-5.985455442191952,1.8962138446201098,-0.24676071656487944,1.012991548191835,-1.3230153709087815,0.33639894916508006,-0.3154051544560605,-0.36379482330800506,0.6669144139614136
heavy_brown_beans,6.417050669493088,1.6317772583559418,0.08982637571025984,-2.530019997418959,-0.513689007944272,-0.7174017840806115,0.815041164108262,-0.40632672719966656,-0.4388741595284238
heavy_brown_beans,23.25613200976221,1.971554082459414,1.1416827367165083,0.707726038792762,0.9299215068515263,0.39183279896988965,-0.6996228523878272,0.25684951066312334,0.22276898154201935
heavy_brown_beans,-4.033389259515772,1.3653133656658294,1.8785630499121517,0.6293310140257715,-0.5487068822276248,-0.392421049586653,-0.6379571483512017,0.5547589847440038,1.0422398024249186
heavy_brown_beans,-2.289037440462322,1.3595238648588992,0.6449093342156971,-1.2991905215120823,-1.4054213673884135,0.8016151144604441,-0.7197416689120989,-0.5122096846032455,-0.3759748313980162
heavy_brown_beans,-3.860638813443339,0.8589402002097437,0.8007192211584171,-0.27415942189116094,0.8662103480799132,0.3185406262734614,-0.6046960606773412,-0.8551309354770688,-0.18659127527401712
heavy_brown_beans,-5.6871379364689565,1.4715695409722656,0.08709312739202797,-0.05401807117415048,-0.3842023676744036,-0.9149481404616348,0.5300492824335087,-0.4602506854588552,-0.09429822538867737
heavy_brown_beans,-2.3563501064036436,0.7973919512160691,1.3709049847023902,1.761113654170985,-0.09202303037805579,-0.5980156219140612,0.08364046116238114,-0.1552465077538755,0.43952013204480167
heavy_brown_beans,-3.028073098391695,1.5346387088592828,-0.42967895205041173,-0.7513609037605878,-1.1592128139542022,-0.5292098468074816,-0.5548702919433729,0.21859235819527173,0.15513787527284106
heavy_brown_beans,-3.5653758138135077,1.629309112158669,-2.4480728398671747,0.14346767995165838,0.3066569273229113,0.4761466412232972,-0.9590164165581896,0.20339372199174324,-0.6316022177107056
heavy_brown_beans,-4.950099506479845,1.4215566304451142,-1.6530970150864215,-0.3803040216009931,-1.497747052248469,-0.7647871036806636,1.5699119900377176,0.47525328030099323,0.4209464631777299
heavy_brown_screws,1.9529651768249543,0.6062445083089226,-1.0229915888230237,-2.6861034728154416,1.519460880160432,-0.2989156761871109,0.1541751902769476,-0.2881846692655656,1.0791784295644558
heavy_brown_screws,24.554110895469165,-0.33445883299313,-1.6792872509097574,-0.6590317114684626,-1.1382038363100804,0.5969252537838287,0.10955935109018988,-0.7019343563007872,-1.0156041681182
heavy_brown_screws,-5.791316427394951,0.21508772081956382,1.1553661711595207,0.7696685647295718,-0.8408195625657375,1.0982769605935894,0.10032797133296256,-0.6169224073042008,0.7621396920726756
heavy_brown_screws,-0.13662070250849184,1.0421076319033544,0.7987287681981036,0.2828104611566475,-0.4171669611400399,0.15641619146735422,-0.057675879774375,0.7961454774175657,1.5225661456755337
heavy_brown_screws,-4.908182940686667,-0.7545126629820158,0.17252579475258864,-0.636931852513131,0.2877379523199437,0.17552042649056285,1.0778205537093362,-0.7397881122627117,-0.8170096617445016
heavy_brown_screws,-5.895379661043219,2.25363140042312,0.350048338777076,0.8004512308808565,-0.5931056778607686,1.089394002260213,-0.5103540735569646,-1.1465119385389864,0.4080726617032376
heavy_brown_screws,-5.546263228808129,-1.1787260162096371,0.6398114679829531,1.4459796720928657,1.672316224950818,-0.04021237772518397,-0.3312860837681628,-0.46280128292198885,-0.47250783680954234
heavy_brown_screws,-2.4998415762289388,-1.2333490854767488,-2.0090355754534963,-1.5852583500832835,-0.7179067573722264,1.9276776281686463,-0.9542251154305365,0.9630745217103281,0.2270672153261165
heavy_brown_screws,-6.017989808139403,0.37696356136084963,0.5419372503298708,0.68722877177823,1.4899155937572983,0.1562130035463991,0.3579267954920564,0.2727367127882742,-0.5242794345783484
heavy_brown_screws,-4.396606634445385,1.5256356336214445,0.12091315948140326,0.5017530793913051,-0.15675128540395772,0.2679499978556612,-0.36703329429903936,0.980024981264461,0.07941681510514176
heavy_green_glass,3.556611496628068,1.1102420869923901,-0.6496740942011309,-2.510104682714887,0.18706728373661777,-0.9834744861665871,-1.6431205710768382,0.2942443176419267,-0.3849698069706618
heavy_green_glass,21.853812675500855,1.3961113300030386,-0.4005678088658387,2.645138042761821,-0.4500524391908956,-0.014585574411073627,-0.9171445569206594,0.3725925215417576,0.028426587868661035
heavy_green_glass,-3.9475117534691786,-2.6967529530439123,1.7170778599407963,0.05896482398906128,1.0675578899440097,1.259197934732792,0.4428644685521032,1.1613404685995012,-0.3161417454562836
heavy_green_glass,0.6079867705659708,-1.3039173760955531,0.791259389901642,0.16667243270052698,-1.3936015282628522,1.1446934054925988,-1.198847514314797,1.4072589651162601,-0.032681094381856686
heavy_green_glass,-2.896622895903434,1.444854062619168,-0.21854536390882612,-0.08212800599411807,0.38477444881121525,1.3832114371801074,-1.0019581464712966,-0.10094347000401835,-0.31393268975511285
heavy_green_glass,-5.172544451980154,-0.9883091573070959,-1.6909211777176807,0.10370703695242012,1.116451875535715,-1.005627287632124,0.3946677233513427,0.39496433155704597,-0.14109833265381777
heavy_green_glass,0.22567386733375794,-5.457130248985973,1.508682131951278,0.8904752845473594,-1.3738060168699093,-0.35279930315087016,0.7251069730577424,-0.09532520667757932,-0.3249411690713328
heavy_green_glass,-3.1133430788673424,-2.391900647069701,-1.2431723564962824,-1.0975962934374528,0.14853689135202536,-0.5270675754345967,0.30350850796469087,-0.2950344642915757,-0.17740930230738483
heavy_green_glass,-4.298022763413126,-3.1323261028501497,-1.3646913633163817,0.354135541188565,-0.09287904482912276,0.05148429000411286,-0.14841666015118885,0.1477680430559035,-0.022639186644656695
heavy_green_glass,-5.5862207386452845,1.600008504151135,1.2921812716678465,1.7173964289849617,0.365284826790718,0.4526763104590703,-0.5374997154814608,-0.14831867714293753,1.3929259917633998
heavy_green_rice,3.073412780297677,1.8543555363405297,-0.8348629143446349,-2.3711932820024053,-0.28059134490237064,0.1898272410145373,-1.3763437039811577,0.5080175050140717,-0.613401512179254
heavy_green_rice,21.28146083174691,1.0074687584303514,0.21386693424047598,1.4814352590661808,0.9225665721148963,-1.8197272244878673,1.479610104371855,-0.41292473256463547,0.103964255585167
heavy_green_rice,-6.403878111786694,0.1892545287394262,0.3165901283264217,1.5253024278217153,-0.33159170523996584,-1.3497801360695636,-0.48695090690956666,1.3862925565874862,0.46141776394772616
heavy_green_rice,-4.717948119535963,1.0510821272364412,1.7524639367137478,-0.19830705780539165,-0.7588396591670061,-0.24649047089706,-0.13792796194424728,0.4263493939649623,-0.4118649580864946
heavy_green_rice,-3.748739107911298,1.6009421107372155,0.2519847349914332,-0.4294592018608914,-0.18287470251283283,-0.40126694255011314,0.30052920309965564,-0.06506540173818776,0.15091588312108317
heavy_green_rice,-5.270436842679755,1.7711803358144147,0.954889699238086,0.291865150473829,0.7209425910146389,0.3648420627010544,-0.19882816681411133,0.19767093583432963,0.22967071201759987
heavy_green_rice,-1.6751250056300708,0.6267122238995522,1.5261595164588804,0.8364540265629493,0.07257385694233054,1.4882158391324654,0.5734316725302487,0.7738396313602579,-0.8165769587902734
heavy_green_rice,-3.5602404089944866,0.524440997955505,-1.3649695068766625,-0.23528964356154802,0.751016948008994,-1.5503957139646958,-0.3364401270089336,0.4378869330292789,0.08417273223741553
heavy_green_rice,-5.703133621933819,0.2798868943818021,-0.9324395361368958,-0.07217430127920858,-0.10437322566694258,-0.6588401585991505,0.7550346138701716,0.1078754829767978,-0.3983639104035195
heavy_green_rice,-4.460394917020388,1.5511881202166122,-1.1235074027828504,-0.3266517814831919,-0.6902743284007278,-0.5399075695868422,0.3302240683343293,1.067938446305686,0.2296861012867881
heavy_green_beans,9.825430100011145,3.8465599981604104,0.4388674494249542,-4.719415409169135,1.3526459705261054,-0.519437172105094,-3.716274244987601,1.1338237381046732,-0.3092722689904532
heavy_green_beans,23.757489476846455,0.7545984103441794,-0.21574454344524238,-0.04024488038167917,0.006798101875758078,-0.48446372246122177,0.8330695972119923,-0.26615105256762905,0.15985835511849836
heavy_green_beans,-5.8211663185521045,1.0930423363947837,1.2052502027017755,0.5644896816449503,-0.11161151974430686,-1.1610231062247631,0.9290932307696596,0.7816257593967098,-0.3874707881694307
heavy_green_beans,-5.124331361123694,1.4224743289967434,-0.377909235437386,-0.08651042656326227,-0.7828820210627415,0.19992188811728318,-0.02636780407823467,1.7452884297981255,-0.028683139903313594
heavy_green_beans,-3.2406149154518555,1.1317719350156068,-0.4820857326018559,0.09003528615625596,0.7283446350824948,-0.6852904031843663,-0.37031599071031057,-0.04583438799818755,0.1891788625173938
heavy_green_beans,-4.758699332635495,0.3236536432448136,0.01209365339387897,-0.14335294901076676,-0.8425438472791719,0.2860766836693004,-0.2014611896077613,-1.0527304170411826,-0.2594776198434511
heavy_green_beans,-2.660669032526006,0.8248893414568378,2.1481798359566517,2.1783379003916914,0.24700671593423867,0.05000057728593295,-0.5712798106826741,-0.33880616097953237,-0.8462005262528387
heavy_green_beans,-4.328063413171984,1.1308597488950476,-0.6559691728376995,0.10609753552540568,0.9187275145935392,-0.06319790999171059,0.31835741855868943,0.2426061216771975,0.5636413721691574
heavy_green_beans,-4.245307162690723,1.5273242192289864,-1.1146462555116046,-0.46010447935582405,0.7661156271282855,-1.0980761805129151,0.9599084595678556,0.9647539313544646,-0.12485315678290353
heavy_green_beans,-6.167544077163406,1.6225284677073937,0.12132997242154611,0.9365370975080068,0.7149216660108124,-1.2877642870859822,0.9131880256810274,0.8940586155152628,-1.039551802230883
heavy_green_screws,6.9264566078498495,1.5702231365997779,0.7905374394099597,-4.84989250981238,-0.25422741363752105,-0.8465072581654777,-0.7577967338407962,0.30437930598463353,0.22609531897630075
heavy_green_screws,24.470126962602905,1.7868112007912527,1.8777722910158976,0.5278999651640968,0.23425827139381622,1.6206647348741072,-0.23913264913491536,0.287448711561146,-0.006808448692269625
heavy_green_screws,-1.210094231303786,-0.14424383243353298,1.8902083779474745,1.4338512840944,-1.2347962806423265,0.04260707743115483,-1.6963471076163084,-0.7451183422544801,-0.48268037567312794
heavy_green_screws,-4.299133403860147,-1.2440730192975007,1.0194683945282987,-0.67074239229669,1.6192089637192353,0.6878536355961761,0.6784693587935505,0.14827835375445278,-0.05374478169682906
heavy_green_screws,-3.39815705094444,0.725757520271296,1.5605499092961546,-1.0648414653956106,-0.9165574719386651,0.6941526482536924,-0.4081985533519859,-1.4899297713758288,0.13177817947311532
heavy_green_screws,-5.257006123923384,-0.13044608193408083,0.5347100279119634,-0.5540565450076606,0.6856196053614485,0.6050311603460169,2.2107066290566784,-1.2069448738366548,0.5424361047543126
heavy_green_screws,-0.8503228994381522,-2.316139037541701,1.1421199112746605,0.9846468686992659,-1.8571446483986367,-1.099683420555818,-0.44810995206735926,-0.20942267592467564,-0.9616669145870828
heavy_green_screws,-3.5848398264272126,-0.3795629459607643,-2.1010883614959126,-0.4454612061064449,0.17409471000208335,-0.5214255495423744,0.3659860216005175,-0.18333832200425623,0.8700496505357137
heavy_green_screws,-4.08620022965728,0.9362317556149644,-0.24617364899252672,0.7938235992099133,1.9220792453795312,-0.006013030364756172,-0.26252540606444136,0.7560984975182878,-1.007773942878215
heavy_green_screws,-5.53466639037331,1.7220521603210326,0.08732478434724357,0.7523698050873233,0.5342248363671566,1.5261009321972092,0.5683667315391583,0.3909444461677852,-0.40203677850184155
heavy_blue_glass,-0.7582383224548348,-0.7154246349578954,-0.7572596600097594,-0.34491800225113295,1.5712410312466416,0.1750728475237764,-0.3545061577496993,0.4967799812483569,0.4343804632927991
heavy_blue_glass,22.640059924251336,0.5563342985393466,-2.061464650117742,0.987634282466584,-0.23929222456325772,-0.9353068749298973,0.26577495587852046,0.36764149226931736,0.4311819730319722
heavy_blue_glass,-4.5189921451132085,-1.0739111199075642,1.213585602094724,0.7532984222681179,0.8348332561560514,0.3721517509480273,0.9815621224504828,1.4203357977569666,0.10588122423138827
heavy_blue_glass,-5.069228419973047,-1.8994112966665642,0.6027400909796864,0.15792326501016926,-1.0743826506587626,-0.46185401087695616,0.2135101840070887,-0.09566585073111457,0.10593620997297551
heavy_blue_glass,-2.866319928018151,-0.3964482685751697,1.245631713475072,-1.6753526770456477,-0.40431581298330066,0.02898570832665878,0.16953761700417178,-0.9217390069362382,-0.32810569214418217
heavy_blue_glass,-5.199834720759951,2.1239494608287472,-0.07256199189346277,-0.5383383486622763,0.42851445056954207,0.9209942283786416,-0.3570966404715545,-1.3402839834748799,-0.8840735757070807
heavy_blue_glass,-0.8164065037256933,-4.960978880560504,1.2904915108621693,1.3100251338046465,-1.336762745810059,0.047603261922485686,1.516687010758149,0.6350670725315358,-0.3694159502169876
heavy_blue_glass,-4.229864071762833,-2.565627603342257,-0.28302991055509097,-0.06564981930652308,-0.399603962592409,0.0943413671655622,-2.0381326972390754,-0.16330215101811277,-0.49554094571741664
heavy_blue_glass,-5.164393510841052,0.40710605307476316,-0.2228619113509654,0.638806303988243,0.12991979660008912,0.33360965370491746,0.3316408292139354,0.026991249307071433,-0.26472415649044817
heavy_blue_glass,-4.61660373610453,0.9978964083407962,-2.66579753089622,0.36479867845981795,-0.43888552170582107,-0.6525680229008165,0.1547067362660383,0.08051287818409959,0.49443374038824
heavy_blue_rice,-1.8559574725201904,1.4385528067581133,-0.17328658502741323,-0.5219340768696631,1.5205613170709278,-0.5862084697220566,-0.2906712813191557,-0.003031302187986303,-0.8288084105731223
heavy_blue_rice,22.433276499118016,0.2655611693805319,-0.929297022534264,-0.06359545784325688,-0.3105391902803841,-0.5682584026284837,1.0305507849127749,0.8789173910587671,-1.3753657197195408
heavy_blue_rice,-6.087427920284978,0.7993014201484794,0.6300285024420611,0.11639742882119747,-1.1743314699417224,-0.14100772948828513,1.0207530460810887,-0.2465339175013529,0.24581701064328224
heavy_blue_rice,-3.634994059787815,-0.3034808681698923,0.9668188839756635,-0.20791064597964737,-1.519944575753887,-1.5084850482402288,-0.05345662208707962,0.2923568423459503,1.0278319502772548
heavy_blue_rice,-1.4779744810568554,1.971656368206655,1.4210851357745933,-1.7629221373066464,0.7906153932052086,-0.18044180680038016,0.030346995258556563,1.372832653011524,-0.09786191011779419
heavy_blue_rice,-6.348689929722259,1.7516602698797215,0.21498091966513683,-0.44909253376876285,0.213606821001243,-0.09341562662956267,1.5851672160389452,-0.6313044055397932,-0.31288290217775305
heavy_blue_rice,-0.373280981654963,-0.3762336221183587,0.44717648722611597,-0.19947818367969924,-1.7278224924990118,1.061144829081834,-0.3895191375246556,0.9958748097409261,-0.13331795777792046
heavy_blue_rice,-2.4420528683842373,-0.350083324030797,-1.2707418633862724,-1.013971661440318,-0.7241080191781964,-0.9276241276846009,0.12662184036955348,1.7577308137274668,0.48463058427382916
heavy_blue_rice,-5.092170212892869,1.089039505119651,-2.5913242582882345,0.2594359890682067,0.07960555604474397,-0.521037765644353,-0.20466422345198507,-0.5341706793822558,0.3670568681144458
heavy_blue_rice,-5.629533614059503,2.149355801043801,1.5220166786042033,0.16166272553183242,1.6771334673068687,1.4525324681324552,0.5276889113533088,0.9262586865642471,0.38475818671672163
heavy_blue_beans,-1.607375458918134,2.6549461337858498,0.21863747058701866,-0.11705561866934999,0.30511869125887847,-0.8461149039113601,-1.2658157570364157,-1.2760225720203286,0.7111647485698362
heavy_blue_beans,22.743725475439287,0.394453694514087,-0.34464933684147314,1.012548989810337,-0.8125883402884692,1.022533162640937,-0.7593711430756764,-0.0732916275531042,-0.8632867519574547
heavy_blue_beans,-1.183628111772544,0.8980497324728145,1.133507893081088,0.5001072641397561,-0.6454755490924085,0.4949056775239832,0.6902777584860936,0.9452235270239233,-0.6540293471741425
heavy_blue_beans,-0.29675501768232626,0.39431314601893974,0.3186643988205449,0.5431171975213945,-1.4770369724466863,0.2477140729181754,-0.3831547989936502,1.3766040953927727,-0.7950114416688793
heavy_blue_beans,-3.8542549607580283,2.0137284888300298,0.12675417351805765,-0.7028667275807366,-0.26105052854893834,-1.4003751464721534,-0.34734568327456933,0.34019498598421055,0.42095232329295573
heavy_blue_beans,-5.849729097331671,1.930173821978223,0.4452230107601166,-0.05544685217963117,-0.995305332374729,-0.48392138282949715,0.46025812209898315,-1.123146440363203,0.38013800291358885
heavy_blue_beans,-2.7081871389530043,1.302627476055447,-0.17821051279645259,1.1354843826213998,-1.6722722283176628,0.4527475380592859,0.2726029517575653,-0.5102607074630462,-0.2567527151518812
heavy_blue_beans,-3.437926324920563,1.2483505680564637,-2.0862746241744827,-0.9748046972515958,-1.1292417386467888,0.7162327316216283,0.2047271265165968,0.17085237008035534,-0.27750323100667074
heavy_blue_beans,-5.225376808459991,1.0869720575022905,-0.26006504363178845,0.5412457193996273,0.9165100066198067,-0.18229556055236057,0.4999821739257805,0.6701822637798232,0.3209213633609072
heavy_blue_beans,-3.5433609243297592,1.9207953938684859,-0.05329587501580333,0.02108705379420757,0.21000805926300697,1.0286854958713427,0.14599440382124193,0.7927499172172181,1.1532099205411888
heavy_blue_screws,0.32964005958578063,0.5635166850338115,-0.6299471502411639,-0.9515948278707327,-0.32305916594336437,-1.2912248353828444,-0.3682533219291259,-0.8173957269911156,-1.1500151148936129
heavy_blue_screws,23.787207013941646,1.1150050701178034,-0.6744788619262133,0.2521533589714461,0.22055305150842128,-1.3820202889491182,-0.2666129423264071,-1.515731601444159,-0.2825037723437487
heavy_blue_screws,-5.1926449954494815,0.4645180357149716,1.2885023587020954,0.6101573603524655,-0.24845418563485053,-2.1739964615284975,0.09513150200116496,0.7497826540018273,0.32149921609079546
heavy_blue_screws,0.7572137987261686,0.0037771952788677775,3.017984312170866,0.5144128724577134,-1.1152846042176958,-0.7226189951278043,-0.27942475735165634,0.9791716570825858,-0.2795036632411467
heavy_blue_screws,-3.903605094665809,0.8185973924503583,1.943010854454421,-1.1874605640195628,0.4486083774120137,0.005593604857411463,1.106126457171013,-0.3344234950359636,-0.17024648754833452
heavy_blue_screws,-6.526201870594648,1.5337301041727023,-1.0172151953748612,0.1160610001914851,-0.23757314715064196,1.1852777962196053,-0.4815818349501068,-0.7673312929941178,0.29373362590777324
heavy_blue_screws,-0.6265691940359036,-0.2672876793404612,1.2762663003198411,0.39950224737264284,-1.1963723021528432,0.4279859647364818,-0.7799824871574202,-1.0646854612120877,-0.5929881717103682
heavy_blue_screws,23.366215688469932,1.3027342719658566,-0.3234362972646788,0.6871282354842663,0.9473328770665636,0.8632584053315336,1.2034953655853695,-1.1811244586226648,1.0690817537548716
heavy_blue_screws,-3.8024480662781976,-0.8204480410321617,-2.3040772258696083,-0.9304649078215866,0.26682404033485946,-0.17882857922269857,-0.24032720013071146,0.06773967102194114,-0.803698468827351
heavy_blue_screws,-5.553764285483511,1.7214616898342654,0.11503823265638402,-0.20491547445107006,0.8027603112089926,-0.43482916950272477,1.1187615573041167,0.8850291480395538,0.021986741737413818
