light_brown_glass,6.015771617538487,-2.4612852099098004,-3.8201034074505684,0.6640108983191099,0.4822616778360484,-0.9445657355954203
light_brown_glass,-22.085953992494275,-23.814514966836352,0.4161513273746862,-20.328483009684238,10.752240868437472,-3.5717699237248346
light_brown_glass,4.952815864441513,-3.720437471533256,-1.0816811166241558,-0.47809813356461184,-1.162920494732134,-0.29833028161769093
light_brown_glass,3.5097323016586963,-2.6560557337630355,1.24175555794067,-0.6617487061461982,-2.0291609731334526,-1.295552243501731
light_brown_glass,4.661593209870548,-1.291249179898758,-0.1632306264814672,0.3183285741346681,-0.4562532391689601,-1.2627296842334688
light_brown_glass,6.098138598241044,-2.579351658085686,2.201024740653604,-0.5225578027506044,-0.6445311964400395,-0.026112725417159727
light_brown_glass,4.883398058258107,-2.1746716300032647,1.7567279305077756,-0.571149217823152,-0.9591246466850196,-0.4843082775432596
light_brown_glass,5.414223687384995,0.13444785279411436,1.721138138608359,1.181213829801251,1.6558770619329723,-0.9760009169170804
light_brown_glass,4.595714764451093,-0.7033990400904742,2.0615986789046064,0.346434806221223,-0.34630259503581473,-1.1836811998631473
light_brown_glass,7.191250715982503,0.13071495062157765,-0.40120711984045276,2.0541506848161695,2.1526176887163495,-1.2263531570097876
light_brown_rice,5.1045229024860586,-2.9450003047146613,-3.3532748847472957,0.7640073753294057,0.5707005809339137,-0.4698154018358751
light_brown_rice,7.166526739388986,-1.5128617864788267,2.1006477869431572,-0.15846540977599927,1.068816526674606,3.194293240406395
light_brown_rice,3.9716173237177648,-3.5340044172603893,-2.2677970301078685,0.038954298471679055,-0.6417679341149151,0.09349192394206773
light_brown_rice,2.4864985832386037,-3.1800352284526547,0.9323844764735608,-0.9588415354366021,-2.4136546552175275,-0.06896872235191331
light_brown_rice,3.5350216432333954,-1.4215363604630524,-0.5735779384813738,0.3865418390877726,-0.8331662605557815,-0.8800420046108828
light_brown_rice,4.674935740683891,-2.13048255843504,1.2867818975989853,-0.3012354638506783,-0.5914645996988702,0.5602101866512612
light_brown_rice,4.061054318323623,-2.82452241170197,2.2939039063719733,-0.631868390350665,-1.0931352507742638,0.10432265602653099
light_brown_rice,8.672582266455471,-1.958503907524634,-0.5291186798726716,0.30847006147016814,1.1314140397737704,4.095085769655395
light_brown_rice,3.130907406896615,-0.6834438336347228,1.9311196049977526,0.15732124264035602,-0.11029408523721465,0.11159743525869184
light_brown_rice,4.630471656840748,0.5157642713157342,-0.019549616351262178,2.0794595655249584,3.1294633807700674,-0.5188630650524297
light_brown_beans,5.331428886915914,-3.8277680360254895,-2.8215105553191893,0.5304512508953525,0.24549372030157038,-0.4491931796571533
light_brown_beans,8.551222783039576,-1.8255741588917844,-0.8911820621593827,0.3973562696677574,0.29890921263045517,2.1450150996543456
light_brown_beans,4.9394265661062935,-3.106029664859346,-1.995812211998203,-0.11682577598443701,-1.4169020626547397,-0.07316800643680299
light_brown_beans,3.43596348791049,-2.7103800499478434,0.430699293373486,-0.7303752160714083,-2.179623676324193,-0.6706619066563062
light_brown_beans,4.9049517374804745,-1.2323429953035823,-0.5094324353353812,0.7636209646788037,0.2437235250519697,-1.608583147769895
light_brown_beans,6.53595463145828,-1.5549920915737532,1.4155345851715415,-0.14654655912027237,-0.5535527164450422,0.2699048625409326
light_brown_beans,5.366719173066429,-2.9616073512847456,2.171396598486367,-0.507619148459761,-0.9137600649708637,-0.20518935469911143
light_brown_beans,5.173883628868606,0.6196472542331879,0.9220361970320301,0.9612586717442727,0.7573171689510909,-0.6802556393593011
light_brown_beans,4.624288338596859,-0.14441025534753385,2.043450029669506,0.42990965626800526,0.06467147954749622,-0.35839186185014593
light_brown_beans,5.396717210617303,0.2877736684237111,-0.05593924875127476,1.6955007491795757,2.1709645406832845,-0.6136121582157157
light_brown_screws,6.015783114007558,-3.457915561911385,-3.1506221699810126,0.4140504565028027,0.6317838892387275,-0.44214565657919946
light_brown_screws,7.268535726665469,-1.60359295615754,-0.9552867590268939,0.3008155759413584,0.6164139438546475,3.219844236548634
light_brown_screws,3.879117450402447,-3.440930359016727,-1.1715319401764863,-0.738751501488567,-1.6848698810853997,0.10904474918568276
light_brown_screws,3.377015459436996,-2.5086470015308904,0.36064384289874823,-0.21393939663824096,-1.318691655203592,-0.08828389706501602
light_brown_screws,5.0429755700308405,-1.3928979119703107,-0.08417909458379114,0.42485175430876493,0.12262406997771383,-1.3376718006390982
light_brown_screws,5.83932816008391,-1.10417559672678,2.2996088756601742,-0.42098838903734076,-0.15251337340164317,-0.09983846394436274
light_brown_screws,5.055736253523294,-1.8863156982815417,2.5532597716310916,-0.6798708800213467,-0.6662895941035517,-0.04988330777746638
light_brown_screws,5.792065894560912,0.7352911744497875,1.2652648636302235,1.1899942552034026,1.48919708249351,-0.36925474290777704
light_brown_screws,5.282443559336054,0.23319498892750634,2.46944586315934,0.17880609799893835,-0.12065329358385658,-0.6716991208354663
light_brown_screws,7.445667232183632,-0.5234129450123747,-0.39469654986132274,0.9757704135127645,0.19584389208775688,-0.8228560506445389
light_green_glass,6.060778055220749,-2.6041275872216825,-3.7215879449885243,1.132640221968985,1.1015425685897875,-0.8457861069448414
light_green_glass,7.769065266640095,-1.3291921088056133,-0.16393794841142229,0.6208489552827928,0.8786182723688448,1.931820563442858
light_green_glass,5.375980584333687,-3.9325515774405235,-1.8049936753243958,0.10209418707003859,-0.3816139201447386,-0.5304060792788583
light_green_glass,3.8442610024932433,-1.9416218795401876,0.2353363865382399,-0.5041947526967323,-1.370327512102721,-0.9426560975124089
light_green_glass,4.802323152749234,-1.499138996790953,-0.4035754942853251,0.6300676613245337,-0.0959264065528731,-1.708991825377164
light_green_glass,4.8992427865550825,-1.7646888596194688,1.2548668058604298,-0.2878701928148544,-0.7726481247027654,-0.3408561818648433
light_green_glass,4.5788420971102255,-3.037024285210628,2.8229621301191528,-0.9148003395247972,-1.2868968845691626,-0.16636201937998382
light_green_glass,5.225351531995903,0.4073479136930207,1.5610984910380963,0.936715926453058,0.9572523173905839,-1.0166110995516018
light_green_glass,4.669572337249243,0.18636533162084196,1.411783759702115,0.3755548281293838,0.17968654295100805,-0.5003029259109958
light_green_glass,6.0011749445578415,-0.8641485784784211,-0.23927603986692664,0.7793594261006607,-0.437132320731502,-0.4297814803054868
light_green_rice,4.7008636149481955,-3.1756914307903075,-3.0853805309418316,0.21707456455443952,-0.14948098536112914,-0.04420356496780606
light_green_rice,7.860251886855354,-2.2528151386811692,-0.1267145641475326,0.23111069727401617,0.3870357840428688,2.5564209556605957
light_green_rice,4.309401087865252,-3.7217308254424424,-2.081083514016506,0.05221550719177377,-1.1288754135646695,0.13097211731806924
light_green_rice,2.2572702990202846,-2.8644132331984817,1.0211121739300963,-0.8118745615825339,-1.9763196011393618,-0.24271865486262756
light_green_rice,3.645204026693297,-1.267551836480817,-0.7229807064717095,0.7964826595610619,0.30641254742465546,-0.4384007519847751
light_green_rice,3.709911978086228,-1.6359439654712684,1.1821218690935384,-0.38791326157767714,-0.9624541940091158,0.8547744560243847
light_green_rice,4.168940748374768,-2.4433034149831974,2.5000723549587165,-0.4949140346933475,-0.8233516882694079,-0.13012602239331583
light_green_rice,-14.47266150693311,-24.727307623204748,-4.192997011055836,-21.50010335701486,10.199580928124941,0.8985950809281047
light_green_rice,3.185468901605218,-0.04983789839359835,1.6824752649166799,0.41081564678958127,0.17801828266614855,0.09940856907659978
light_green_rice,11.018667625211195,-0.8859063997882453,-4.0961271989428285,2.6622549444267687,3.3332922989944187,1.5541514883793752
light_green_beans,5.802315790697568,-3.1537870671558506,-3.4941308988573843,0.6086202738965749,-0.39659619367611093,-0.5370797840097614
light_green_beans,7.653023761700237,-2.777847551750069,0.16006176589989096,0.2792739352520271,0.7641451036751732,2.8097638808135352
light_green_beans,4.877320938244628,-3.171358155627179,-2.1314811481796405,0.16568322411066444,-0.9509574796718969,-0.48019161269456023
light_green_beans,2.612578196960151,-2.5946310126606784,0.8365990797499415,-0.64475009568342,-1.4414340224947995,-0.5221859049586275
light_green_beans,4.835141562966032,-1.0292519367137458,-0.8282726729451905,0.9322913384409751,0.005006140009341532,-1.3791845221682972
light_green_beans,5.0550440886538475,-1.1746961714351463,1.322084168770878,-0.2189843455141788,-0.7053649821319384,0.5642641521852475
light_green_beans,5.064919260378004,-2.5063410298494,1.9747104971176617,-0.6520710171679179,-1.0825565017286654,-0.1472257133021622
light_green_beans,5.368064146859183,-0.09635483515118132,0.8893374531090386,1.0877751940162135,1.1707645520119245,-0.22519457747257277
light_green_beans,4.345819923463864,-0.04752135639885406,1.8846611876001484,0.2982255550201568,-0.394096360748024,-0.6235366643136293
light_green_beans,7.31837950629652,-1.0150626651415005,-1.0490237453517248,0.929147146667425,-0.6102952726926182,-0.14091073851042046
light_green_screws,5.7326759594208525,-2.8558247622063684,-3.352416573687523,0.6692901055242515,0.7467953259566594,-0.5710730776554654
light_green_screws,7.09704590927873,-1.9105283779463413,0.1697759050836296,-0.19380988178342226,0.3323619798163448,2.9405532816538353
light_green_screws,5.505989192516398,-2.753853241113694,-2.241805819577089,-0.18654879838914357,-0.814804348264556,0.015365754675967628
light_green_screws,3.581678298981653,-2.1125347153704084,0.23205985217257766,-0.6665437125944631,-1.7343388027049287,-0.036708610977315606
light_green_screws,4.633391359262105,-0.5773823287005256,-0.33700131537442324,0.15894212954944698,0.09800525991716653,-0.593561483166447
light_green_screws,5.117374023284989,-1.8408257143347166,1.9309179569911974,-0.6931109469371031,-0.11341122388136632,0.2634212100168324
light_green_screws,5.105070451962824,-1.3864334740804445,2.3082475614474562,-0.5877243687902338,-0.4651139232395609,-0.04065768476113181
light_green_screws,5.451092429053291,0.1712130278264466,1.8430030564833102,0.5304350634979789,0.6025046893777962,-0.6692399380319902
light_green_screws,4.932712149782595,0.5437157550595891,2.666232131262939,0.3097890604144878,0.32851178991317215,-0.16866857236136618
light_green_screws,6.318156319959475,-0.3758665238665372,-1.0535433907505904,0.9449955521076331,-0.48175961630909947,-0.3608482852310102
light_blue_glass,6.216759579645703,-1.6484554579069646,-5.136474097423184,0.721435781045042,0.05949764750179744,-0.7306589204993049
light_blue_glass,5.981290044393833,-0.3517424777503077,1.8831664832195836,0.8822205474442744,1.1101576621165696,-0.8185348433953589
light_blue_glass,4.777604961186486,-3.8820785013209584,-1.2936452544650532,-0.5243457707055887,-0.7546273768919621,-0.16126024491229912
light_blue_glass,3.998935006292152,-2.2962144992120392,0.9860369779177933,-1.1572021871586853,-2.311961043925412,-0.8089373100248743
light_blue_glass,5.1970358090534505,-1.08664919790094,-1.009527187975311,0.8822914542863062,0.9150126131833678,-1.483129440680967
light_blue_glass,5.69765388140239,-1.519594207000972,0.8528465748415226,-0.4555355956971351,-0.9331241969703569,0.26704322302472233
light_blue_glass,5.246292857404468,-1.7858795338943028,1.9187121179290048,-0.7240672697630387,-1.045474476516331,0.4305713137625188
light_blue_glass,5.347548002243542,0.49462169913538123,1.4516058896414454,1.5818641675619773,2.1467291544332903,-0.7193552019881961
light_blue_glass,3.9100395588463264,-1.1272352377302401,2.2474901433665533,0.021788865324489926,-0.17042105408254585,-0.23704618095963156
light_blue_glass,7.730339166658753,0.6525237872800271,-1.2493988421823499,2.4086715830076724,4.008890710453321,-1.0190296450267373
light_blue_rice,4.954295642166143,-2.5059570337051036,-3.8585439071145364,0.5397066102668746,0.4987757551635823,-0.5931572815176995
light_blue_rice,4.805767358947773,-0.36684220376853005,1.7242023880708244,1.003884261621294,1.5446622955445903,0.8185394582988617
light_blue_rice,3.9818972164236266,-3.5464643376926914,-1.792261698382273,-0.14023135543613932,-1.0616753977148288,0.4966489603555999
light_blue_rice,2.5123894151006008,-3.625316765662212,1.073458056794647,-1.1874172329043748,-2.882738295081313,0.03615966847156622
light_blue_rice,4.851856867789458,-0.9752018505072969,-1.7730057326743498,1.0738983794174055,0.20586364787389055,-1.2525840824665733
light_blue_rice,4.928233334961789,-1.5896777833092015,1.746926762339322,-0.44541679768698417,-0.7400241247537697,0.7246944200466584
light_blue_rice,4.161611057012272,-2.430749806778479,2.157399222926334,-0.8157795647893411,-1.0878781891898273,1.0231345279634192
light_blue_rice,4.2651001952914145,0.34328335409642224,1.347277492399474,1.211073544273991,1.8532830465507228,-0.6301320606893093
light_blue_rice,3.379601222827051,-1.2416942823280754,1.822141040435748,-0.06819501910052511,-0.6582968309632673,0.2556779590741128
light_blue_rice,10.135727282412116,-1.7071603365527637,-0.8154418028050628,0.28285767419452407,0.9444823627709918,3.916137343616786
light_blue_beans,5.690128479609033,-2.5631827227165194,-3.614607170187218,0.6639875385751965,0.15864177169958601,-0.9343029535719914
light_blue_beans,5.109714633079356,-0.7687463803536063,1.7559956328695414,1.0277970579424704,1.5522866084209885,-0.1270707327066135
light_blue_beans,5.345774440608749,-3.503129133419227,-1.8261832187506866,0.015141013027990029,-0.5505089311091595,-0.07103024720811996
light_blue_beans,3.2976249221542346,-2.9088625309848353,0.6493321641087196,-0.6713737523215747,-2.3171852314864756,-0.805949153882576
light_blue_beans,5.6716739329716095,-0.8887710008087727,-1.6712010474641483,1.4478079253781557,0.23683448261587497,-1.6576016741165005
light_blue_beans,5.728716379155092,-1.9242897683714104,1.4051428407884108,-0.29347472500306826,-0.6694948672911809,0.5338050264092328
light_blue_beans,5.1545257226389145,-2.011051309502752,1.51186549009997,-0.5173222692886771,-1.2184513622074709,-0.07465215135363784
light_blue_beans,5.168946301659621,-0.23022513494119354,0.670154853211151,1.261688063864337,1.052386081116991,-0.8486783303016017
light_blue_beans,4.55827889743823,-1.0329981824032757,2.281710619090627,0.026565865295186897,-0.5183863146164778,-0.28477923605307465
light_blue_beans,5.389909124241782,0.4225032739229933,-0.05350605469187636,2.088826641437843,2.775529182390123,-0.705219303545513
light_blue_screws,5.712481877571921,-2.721103539116882,-3.5624356654230165,0.22877427191444838,0.047286829004692735,0.02338930088352882
light_blue_screws,5.239949931894327,-0.37483352309648205,1.7084065756456055,0.530322955900516,1.0500942937904603,-0.26919087522118845
light_blue_screws,5.390949696327248,-3.2888527203225597,-2.028755025921185,-0.46002549518898495,-0.5584820199267362,0.1763701806646466
light_blue_screws,4.184888583998404,-2.1226050546787976,0.8966161874633107,-0.7168500492363447,-1.6510445046990854,-0.8359501011526433
light_blue_screws,4.88507229110617,-1.023912425785766,-0.88090386897318,0.7860864130774555,0.19852243149426727,-0.6267048369193696
light_blue_screws,5.713716920029572,-2.1948854032718073,2.140269693702191,-0.6718783886367535,-0.594966131438856,-0.21458020549534895
light_blue_screws,5.57080094652206,-1.850642623368648,2.372947125409089,-0.44951827089045904,-0.8715493389197636,0.023654394509604895
light_blue_screws,5.168439019790919,0.8986457657745806,1.3247227953060627,1.3207569132084898,1.6028893146869414,-0.8135690258181371
light_blue_screws,4.2391802648457455,-0.7134043060544373,2.656014892378752,-0.07393859963825361,-0.5931153847430246,-0.058842976698632074
light_blue_screws,6.996846941005926,0.8599193797556456,0.0434326344880899,1.8613992239120338,2.851539082719909,-0.7656598759077059
medium_brown_glass,1.8912204591877353,-1.6235430289513537,-3.82414244209816,-0.28372020401856535,-0.8201713855080646,-0.09588466367483936
medium_brown_glass,1.180242768982661,0.348068715822272,-0.5077693551531893,-0.5226373404236562,-1.0577543690635818,2.5915963885716202
medium_brown_glass,0.4886673944551102,-0.9691535770561089,-0.23998460655517728,-0.49269588937942566,-1.6906476117466809,-0.613314009121812
medium_brown_glass,0.11644880550220682,-0.5752901231838167,-0.13770347810486053,-0.8837614589409176,-2.1633450367829203,-0.07930331686641312
medium_brown_glass,-0.2382391728923264,-0.17197818912276844,0.1459490314385935,-0.08043914832276454,-0.39158607653468613,-0.35934672411664964
medium_brown_glass,-2.30107463246873,-0.5064968247195196,-1.7544438548969425,0.3642630450816028,-0.7570953718526527,-1.554581026488377
medium_brown_glass,-2.6458225365791814,-1.3533655354605691,-0.6956033696209489,-0.215613430869738,-1.6778680029769446,-1.0126832622268407
medium_brown_glass,-0.04902650606951334,1.8643071845011163,-0.2669419242300808,0.3539966500339546,-0.10611999620634498,-0.5273543652692586
medium_brown_glass,-1.2775338766963074,1.8881045938305552,0.9463520976263833,0.2897670510899798,0.5927732362074782,-0.6955576359561868
medium_brown_glass,-1.355211787357499,1.6070574126555075,-0.6565847156195415,1.2163485977773518,1.76227012012816,-0.6991944709699346
medium_brown_rice,0.5411701540607405,-0.8323857851730732,-3.5623182723194313,0.07242608760031358,-0.6507363848956172,-0.23788356324236976
medium_brown_rice,0.7063913116937651,0.4392061513828551,-0.47128804570790145,-0.488906733861643,-0.7535719340083686,2.4024667092929852
medium_brown_rice,0.6068303342623774,-0.9192321152186336,-0.8641774729130746,-0.09469514500037685,-1.372587548199763,-0.9370369678322656
medium_brown_rice,-1.7561079102531514,-0.4338387875715344,1.0199605996212282,-0.854060778563521,-1.9556430951065455,-0.41011165331136507
medium_brown_rice,-0.5731584192124575,0.3616552606338495,0.5338726160635647,0.036685350646721224,-0.40570753809417565,-1.1682165870900028
medium_brown_rice,-2.9093778078522043,-0.639886765765041,-1.0499735237746892,0.16060671882384234,-0.6162240781889681,-1.946576013055822
medium_brown_rice,-0.348566632238832,0.03104008215165465,5.383479123277749,-1.7592703682561828,-1.9439151794023535,0.3021023481677204
medium_brown_rice,-0.541548756594744,1.7454125701045773,-0.7558454596663144,0.9499410968223666,0.7014471227149162,-0.8304994365415552
medium_brown_rice,-2.3650963730679093,1.466310559361303,1.308158265325858,0.35401397496221354,0.2568295426880308,-1.0111341007092205
medium_brown_rice,-1.1210343286825184,2.20858958036595,-0.07537571934697107,1.6163115596973014,3.7420529116684835,-1.132302169631833
medium_brown_beans,1.3618412599628231,-0.5113427685577853,-3.7785368840817335,0.2553796710258255,-0.12968531219533747,-0.5017853734266317
medium_brown_beans,1.5018549512502084,0.8864990667139839,-0.9275476193874443,-0.16419016955064678,-0.12952240608298973,2.5233606788525957
medium_brown_beans,1.1735421190634685,-0.015899839197899633,-1.602290015971138,-0.04265287135812998,-2.051178547287034,-0.7100729489093767
medium_brown_beans,0.2762677076587171,-0.9121396709735964,0.16666899137743368,-0.683300919929442,-2.071631314716756,-0.7973977853029236
medium_brown_beans,0.9185141218336075,0.2297327217934772,-0.22779046837890726,5.652367544830908E-4,-0.591920275432227,-1.0809279211576899
medium_brown_beans,-1.2199045607221188,0.14993016364112574,-2.4293188114407447,0.7866994643853233,-0.866917640001674,-1.6211726539609468
medium_brown_beans,0.37434773164764207,0.08210936649664999,4.841869663067317,-1.4094329494083897,-1.9165691554689002,0.13858852825361392
medium_brown_beans,-0.4160177225689068,2.247396597984718,-0.29270816140552786,1.062882524585583,1.0904534287698702,-0.8148188444791046
medium_brown_beans,-0.6165610283531252,2.1082821185272973,0.25967816024272994,0.7196002048941014,0.983296188913239,-0.6386758245291346
medium_brown_beans,-0.07729863454462299,2.2439876831663277,0.0516801622134265,1.4475706225672058,2.6200048630978547,-0.9498354355524007
medium_brown_screws,0.9023837382732729,-0.8332354849549497,-4.02352148935516,-0.23667713200453058,-1.081374166993189,0.8113805865764553
medium_brown_screws,-0.09274007678474049,0.5759204158466434,-0.03612065002908532,-0.754086274188098,-0.9023742632406171,4.007632051650381
medium_brown_screws,0.0855031983483473,-0.7658260079250309,-0.42097428118035096,-1.2083435799254396,-2.131641598080332,-0.01683321683517766
medium_brown_screws,0.19878114126579027,-0.3912351843537658,-0.29934286964591206,-0.6839998182736626,-1.242107458986968,0.4110816962950101
medium_brown_screws,0.17281914621065622,0.7429774121016918,-0.5842828789495778,0.1908147682045208,-0.39919482549154056,-0.2110793055900178
medium_brown_screws,-2.3576610028764016,-0.5797286705379914,-1.876573376444763,-0.06836895169532396,-1.363824169253316,-0.8430126544389919
medium_brown_screws,-0.9041623027444036,0.4371428859987739,5.495633365500462,-1.6639800816800003,-1.318365608272361,0.6497855329908298
medium_brown_screws,-0.6902893502980865,2.041300203347742,0.164694007138413,0.601939973853533,1.3277305628836877,0.7143438717551495
medium_brown_screws,-2.04949081079769,2.0737742763317524,0.11059268818069157,0.05253027968440853,0.093487173061956,0.841457567876026
medium_brown_screws,0.35571580636042277,2.3322150652314955,-1.08621677282123,1.2214605821736906,2.0004699761845592,0.6772056467218526
medium_green_glass,2.0475499559220998,-0.5645288046889217,-4.816538411291196,0.4751915608021977,-0.3588752967502858,0.523191715975724
medium_green_glass,0.5552692859486515,0.5873632082755699,-0.11625120083032091,-0.882036168050048,-1.2528946752202752,2.4847662439255767
medium_green_glass,-0.5971027533665295,-0.7519271985115664,-0.25226321920982575,-0.7600401168322726,-2.4865370236616915,-0.48743902719891974
medium_green_glass,0.13924875508074228,-0.4279712862401238,-0.08278972350220776,-0.6296542143441022,-1.776771760527463,-0.8216354510433597
medium_green_glass,-0.5395633781235143,-0.2260748363466273,0.17721103894467335,0.08391234672885228,-0.3973197228313923,-1.0396802801096903
medium_green_glass,-1.6987345267637126,-0.32152509416282227,-2.1379350221555518,0.47269163403084435,-0.5551738515445829,-1.5386145503824553
medium_green_glass,0.5715890828270312,0.879956317755859,4.48173165427641,-1.39909901577546,-2.142268601750048,-0.010325498344652378
medium_green_glass,0.280449323802051,1.9254398006491762,-0.5546165375915384,0.9311774279417369,0.816225550920612,-0.25638308866889264
medium_green_glass,-1.619050374398219,2.1391949462608713,0.6471014512878184,0.9935324412261187,1.4322658266645065,-1.0396311046997364
medium_green_glass,0.939385936550975,2.162562552571185,-1.459485822386712,1.822930865797252,2.6614285060523213,-0.8397371811909797
medium_green_rice,0.4406522590131693,-1.610941341471586,-3.0378134053716517,0.2823223061762453,-0.30372635947901216,-0.7924606762540826
medium_green_rice,1.117605146802493,0.6092259820129502,-0.7859319688108433,-0.21759112136407815,-0.27045724887349065,2.0303669343319424
medium_green_rice,-0.7067198420919754,-1.4061257103486968,0.9209613159337533,-0.8228374715049168,-1.7121262638647714,-1.053261209822924
medium_green_rice,-1.2471904119026687,-0.44531139915045787,1.1100354517560143,-0.6551022819621117,-1.103874498478102,-0.7808912488634796
medium_green_rice,-0.33333190762537607,-0.3528038850117529,0.2569382228229999,-0.018362571283614702,-0.8461968391592364,-1.0706057424786732
medium_green_rice,-3.2835692054859322,0.4207000826890958,-1.1016444105911778,0.6308939963610081,-0.15062154377285308,-1.9749994143078498
medium_green_rice,-0.5661550045209343,0.4310478620320659,4.9325436746570315,-1.3566252272765074,-1.4823837166360394,-0.05014287052485998
medium_green_rice,-1.756367809214517,1.18312816638369,0.7742213083927948,0.5321544156792645,0.7147384260077007,-0.9249581228033619
medium_green_rice,-2.5059017545161804,2.1182738431170085,1.4553463585186757,0.5771925280587764,1.2492513550410422,-1.1313133159602802
medium_green_rice,-0.8301324539268456,2.550424045085871,-0.6439212231612842,1.6205836711444763,2.4221097423181934,-0.5778400574190757
medium_green_beans,1.1125643689878517,-0.6205692235517085,-3.4181201527257077,0.12862113538472567,-0.7835605294982113,-0.09826474353468827
medium_green_beans,1.3988593205885016,0.9710783331621099,-1.3781354780194557,-0.1787527633221067,-0.8527325406557886,2.5524625437777044
medium_green_beans,0.5391570862473212,-0.9526540967024111,-0.0791451656934526,-0.48824153787770397,-1.8439683616908766,-0.5503013642171248
medium_green_beans,0.010149299284536895,-0.8890261037158286,0.3743028964884055,-0.8445981080111722,-1.8358765365530838,-0.5248274515400043
medium_green_beans,0.5131319444058998,0.3415565523161005,-0.18930811651599744,0.2060689342980295,-0.5662206282140205,-0.9495615405179675
medium_green_beans,-2.345492491128249,-0.18359392714939915,-1.5721761916519932,0.4361599907687379,-0.8862481163997106,-1.6525736621143274
medium_green_beans,1.5419642598627659,0.23592596710303973,4.846649570069566,-1.2783195026714513,-1.4273348587563086,-0.5938150225574836
medium_green_beans,-0.5658387798287523,2.006116024072162,0.46201933941480133,0.869087652078237,0.8723553868338547,-0.7537890510000298
medium_green_beans,-1.34163742957903,2.168734055644643,0.43612245522537996,0.6713860918285848,0.74711929370955,-0.6772754483074964
medium_green_beans,-0.009278207287172824,2.8345854712655925,-1.3794888902425182,1.4135352283666052,1.8583832798363424,-0.35798792793683437
medium_green_screws,2.543121941616886,-1.8032164093221283,-4.38948708781779,0.4332770321333731,-0.003159177893757442,0.22416334156876527
medium_green_screws,1.0729418184365613,0.77057432687614,-0.513031000835639,-0.4696484037520431,-0.33429773510137,2.798210284292768
medium_green_screws,-0.3244112577088322,-0.6330429374771411,0.13815002900599582,-1.0111849686714152,-1.4801362341050872,0.660466914861608
medium_green_screws,-0.9050631977328802,-0.5396151066012754,0.38319315912475693,-0.898339173999412,-1.2935619163004766,0.9923243575117343
medium_green_screws,0.06908027600582546,0.005073388172023634,-0.6394144517994006,-0.5026262404787722,-0.931172388845701,0.7019355057035715
medium_green_screws,-2.220396823586774,-1.175610532286054,-1.7508087763587734,-0.2912280733790436,-0.272059965358152,-0.32848733473916714
medium_green_screws,-1.040359432546458,0.6305883920748055,4.956764178357491,-1.4178141120996,-1.1813856630828434,1.3184570417315133
medium_green_screws,-0.3031611379863707,2.0736360238187306,-0.6431022872258727,1.0201455423434165,1.889646894627282,0.5630404700927399
medium_green_screws,-1.5723708258159022,2.1312357689153125,1.613156951519677,0.4260089166891139,1.7135063730184126,0.19816391544303025
medium_green_screws,0.289905599737118,2.603881366142523,-1.985482217527417,1.3291267799692832,2.524935755683939,1.3129243490756024
medium_blue_glass,2.0826712708708035,-1.1883309423895652,-4.113980617056898,0.13312713287865074,-0.24786327194823604,-0.21506669546129098
medium_blue_glass,1.1775161301660275,0.17211409015838308,-0.7344116662095193,-0.8845693481782638,-0.6866796008334133,3.1036466064576325
medium_blue_glass,0.8336385573352624,-2.1442875598899844,-2.466690397514213,-0.8761100320545518,-2.335864796680842,0.48797440952670235
medium_blue_glass,-0.5186311018884564,-0.5356758089196125,0.5644077396045298,-1.1656582060617742,-2.822743278090027,-0.3936480064060229
medium_blue_glass,0.29790462954355534,-0.11237735423470449,-0.1701050954503168,-0.06174470437150177,-0.8871744394745803,-0.818305886794213
medium_blue_glass,-1.7673129895055226,-0.38240560065367174,-1.6852420978275655,0.30152056065491656,-0.4291735058182954,-1.3938891699633384
medium_blue_glass,-1.6424205669672147,-1.163313535723007,-1.0228025687200089,0.1290268475179543,-0.876510691524807,-1.2412024112709337
medium_blue_glass,0.10117472819256154,1.554083417738727,-0.8849415174500392,1.1188582449649236,1.2781360233266912,-0.826117621996742
medium_blue_glass,-2.5063396875638735,0.6063808069388582,1.9895616678773083,-0.3411529972306826,0.12669058959071433,-0.3165581635885414
medium_blue_glass,0.1739009679132108,2.1774971232877616,-1.1558876825132323,1.5245779305415577,2.723877736558668,-0.2802032860766957
medium_blue_rice,1.442039804337262,-1.5353379752129903,-4.151393026955054,0.08518326580192662,-0.8729321572254622,-0.18818212452146824
medium_blue_rice,0.7840697746082044,0.4193754255470362,-0.4746141036707798,-0.5911001734107182,-0.7649130669247359,2.6767753247362376
medium_blue_rice,0.024219818825735068,-2.3012833419002314,-2.272794542251707,-0.6762249758254739,-1.7670826759912142,-0.05025418702161401
medium_blue_rice,-1.2385365047165302,-1.4944229608514183,1.4190046181847238,-1.3248832421079553,-2.2490368500151723,-0.7486352516548804
medium_blue_rice,0.462212748719484,-0.5261868507615404,-0.2626849378619675,-0.17078805157847304,-1.0381840027618503,-1.0371101986718996
medium_blue_rice,-3.0911486818855423,-0.3518327735771566,-0.9539940282140005,0.4064572533280295,-0.5284306549379729,-1.8801959552802474
medium_blue_rice,-2.6597403006287696,-1.2844610556721994,-1.1891782228787795,0.14274819989881748,-0.9187625206446568,-1.41338504092043
medium_blue_rice,-1.6741375612814087,0.418211789122104,0.8094637706683976,0.1463374893343578,-0.11975660357895652,-0.04752797192791479
medium_blue_rice,-2.1030825418717636,1.517791825884248,1.528244971060818,0.29838899420016696,0.3088987654799834,-0.5922940073428485
medium_blue_rice,0.9416044541361434,0.641950770442514,-2.5614128705987897,0.7996989979360238,-1.1783837831503479,-1.032658059572095
medium_blue_beans,2.2343610323662473,-1.5931947780136597,-3.6915258123649024,0.25390621808688263,-0.06313928610049105,-0.4470936159605041
medium_blue_beans,2.2165361045328966,0.9095331591278971,-1.1345805342606532,-0.17476412615388742,-0.7645232473933306,2.589134978416479
medium_blue_beans,0.5321961238463371,-2.148811581866861,-2.0970455641498673,-0.7445482407489253,-1.7785853272268464,0.46762740646641815
medium_blue_beans,0.13411017991705965,-0.3717263768524798,-0.04824339306275994,-0.5253853055722374,-1.8697531132706173,-0.7134792001968182
medium_blue_beans,0.9222687206099366,0.47650383298278753,-0.5299028116271977,0.11068662708411839,-0.31935570647988737,-0.5840734087931874
medium_blue_beans,-1.745562919036373,-0.0528872123985918,-1.6976036000704573,0.43697842069767334,-0.9905023431855833,-1.868370133544666
medium_blue_beans,-1.7298235868810978,-0.41592278277596834,-1.7532172935199382,0.26103516262702353,-1.107886293316388,-1.6961829366170424
medium_blue_beans,0.504069828480079,1.3449487425690183,-0.6933505924560655,0.4478332275593711,-0.3751274904030607,-0.3704757360835306
medium_blue_beans,-1.7744946386871876,2.318557315583923,1.0024284589126413,0.16411529917239084,0.2564313973129878,-0.26865452441956583
medium_blue_beans,-0.461340099753933,2.764409378693465,-0.9048579877815748,1.008759641521599,1.7330403146395619,-0.10509789248106785
medium_blue_screws,2.4260661273927395,-1.8075506443558575,-4.0035959573184945,-0.05669579747421244,-0.9853784917797519,-0.3239508739425604
medium_blue_screws,0.32972852988849294,-0.032857565926340114,-0.46444800909665357,-0.5754794165788938,-0.9476910682684213,4.553608187841275
medium_blue_screws,0.33316237484290745,-1.0092482955613848,-0.9721448196804894,-0.5116232770356258,-0.9342851548556733,0.3867947221008907
medium_blue_screws,-0.3226448054366665,-0.6971387930876494,0.07019063551363039,-1.1716217123853145,-1.803583692853452,0.37901636681398193
medium_blue_screws,0.35519687763310337,0.10853202023002866,-0.9215351624959901,-0.22947316994567946,-0.8867065506908398,0.359342823589115
medium_blue_screws,-2.130769388380919,-0.053512979421069945,-1.5819364325283773,-0.15754507017757532,-0.8484560186263074,-1.0443763644942858
medium_blue_screws,-1.5925926483151234,-0.4734560690363352,-2.023755763314728,0.2615702121206674,-1.4009545641049932,-1.020112191680202
medium_blue_screws,-0.6440892866857653,1.2831840118294102,-0.10869814201126067,0.27088834166362263,0.1771683665314004,0.6098478839934728
medium_blue_screws,-1.873486452157625,2.237952569999276,1.3747818383155643,-0.0034310338021298695,0.8123111348306327,0.6301443193376827
medium_blue_screws,1.085369469484717,2.77532140671918,-2.1666817158617926,1.1693633055518233,1.108418619465666,0.2418867470340764
heavy_brown_glass,-3.413314975022248,-0.7399542604613761,-3.587448357761744,-0.6198186132647303,-1.5375055439016747,0.24357534369737047
heavy_brown_glass,-3.5961747900148846,1.9641972053984325,-2.9385491543496656,-0.4489075329528837,-1.1663965799019702,2.8262615230399812
heavy_brown_glass,-4.149875335400421,0.4450211181609338,-1.369497058465417,-0.8936288835854311,-2.850417074946403,-1.2427168376869
heavy_brown_glass,-5.098655741322398,0.7588400827863327,0.44634018682624454,-1.1077977919443902,-2.015112168971117,-0.42976840643652015
heavy_brown_glass,-5.0526954423191155,2.339319403893726,-2.8419467528032287,0.6662471613321026,0.15278174529194255,-1.0055640064063598
heavy_brown_glass,-6.814931948172296,3.0117918847922898,-1.376593768359204,-0.028929054767284468,-0.741134040517068,-1.4269942433383909
heavy_brown_glass,-6.98457459787038,2.9109105459958085,7.073030167243285,-1.9724617169811867,-1.0083221166697314,-0.3354322369027643
heavy_brown_glass,-5.734869450804092,4.474262683877366,-0.4064311628745435,0.9944719701393321,2.8689302906929806,0.07454304119107008
heavy_brown_glass,-7.4656156145371035,3.6380437582312384,1.6205199387309963,0.11303719507933105,2.071062928004712,-0.05753135871311596
heavy_brown_glass,-4.9525851394460085,5.589930404856317,-2.275676997101202,1.7842160728923857,3.6110454338746303,0.5588445271962975
heavy_brown_rice,-3.752259225807854,0.5516823488777282,-3.658495766076464,-0.3589327555781143,-1.0792468117825258,-0.33744191807947277
heavy_brown_rice,-4.53887923487292,1.8363034946348908,-1.3449995733168865,-0.37468619254952296,-0.4049569991383294,2.4785998410659964
heavy_brown_rice,-4.188599538954799,1.3317706164420593,-0.8177572612247137,-0.7513288139697215,-2.3713177242500607,-1.1269853804328909
heavy_brown_rice,-3.770509593562444,1.858072820685874,-0.061866322246881156,-0.12383988046540473,-0.7487582925012946,-1.1371339730831305
heavy_brown_rice,-6.09000186799155,2.507961015790537,-2.0251930598974917,0.6755604809087384,0.21226159635123587,-1.7591098386135924
heavy_brown_rice,-7.133628841551836,2.9329401146312963,-0.4687946944555382,0.2336675526532214,-0.37912789095364047,-1.6232272412094848
heavy_brown_rice,-5.82458758893771,3.038224392057662,6.629764432684538,-1.4520618549501376,-0.4445633371370216,0.17341455522572552
heavy_brown_rice,-6.78583209376475,4.835924538120322,0.9231933692455752,0.5714343686261607,2.2959727530336154,-0.8507116988317018
heavy_brown_rice,-7.00032841884531,4.6610305832245364,1.5923722222092278,0.6375545674865458,2.4610941818086474,-0.7750841617512229
heavy_brown_rice,-5.818126413626418,4.05098320924017,0.0709780059878064,1.4766057240108197,3.688625011650696,-0.7410290563755528
heavy_brown_beans,-3.594827099634443,-0.28961847317877487,-2.578727294615775,-0.8396665877249045,-1.6875548462809968,0.42531108875192214
heavy_brown_beans,-4.3827605709589985,1.5103870475608483,-0.35026343121144693,-0.6156958438932144,-0.30941571700188936,2.671262117880619
heavy_brown_beans,-3.55866948593073,1.0987126088152244,-0.33078219207363535,-0.7865052330847271,-2.467914782601703,-0.47358336350542135
heavy_brown_beans,-4.3993269285296455,1.4865998711887478,0.8258775868359808,-0.8845100590681719,-1.1692194170706767,-0.1903653130804188
heavy_brown_beans,-4.957111353825997,2.247916745484304,-2.064025096277565,0.8159384755519636,0.11239589023748635,-1.7403615764531708
heavy_brown_beans,-6.27552288543782,2.9210906770157106,-1.1287008495918809,0.12649545339329837,-1.2566549327999406,-1.4167820520978687
heavy_brown_beans,-5.415892963511848,2.6179538243587914,6.703283920805246,-1.6989059156825594,-1.2155302209681287,0.047403888397384686
heavy_brown_beans,-5.316605175926272,4.220293918003764,0.5221442224466883,1.0490184774255182,2.382346049126419,-0.11460323369808312
heavy_brown_beans,-6.328146626945036,4.637212884623142,1.5313705728252822,0.6342726633877107,2.5516374662069112,-0.32905872450733126
heavy_brown_beans,-5.156881260175178,4.294604239840467,0.0506376290229095,1.0509223398249243,2.916101641910236,0.06896154576974887
heavy_brown_screws,-4.068578766229269,-0.48076350857662975,-4.335327657741336,-0.6595522911678348,-1.3114933091232968,1.2046996897275186
heavy_brown_screws,-5.498359686938948,2.2205266903403142,-2.196477372557402,-0.20567849514066103,0.40556849229248404,4.068347187149128
heavy_brown_screws,-5.162493961176665,0.7159246119621296,-0.3574964789442579,-1.3865847221724468,-2.77158573686018,1.0005283607329187
heavy_brown_screws,-6.49906661745015,1.1342759318299211,1.0920284452612794,-1.3353424869898975,-0.5899580884822038,1.0055469082154236
heavy_brown_screws,-5.046891363785688,1.237493149952432,-3.094445356537196,0.04574365761028554,-0.43680613321979955,0.1168643062991962
heavy_brown_screws,-6.8108383999674995,1.8333325166020469,-1.06232715999502,-0.37582075259611347,-0.988395228539433,-0.7171209373672076
heavy_brown_screws,-7.777862373815422,2.465226478398476,7.180566287599561,-2.398123806433352,-1.179043419207512,1.7725630132065413
heavy_brown_screws,-7.359791262301245,3.737299974939692,1.1351349162410058,0.6073665789594986,2.562927463044619,1.1937400273746368
heavy_brown_screws,-7.1145494567761,3.91962520206432,1.0458987287796502,0.05566526247292558,2.6563101847673907,1.1503891507423767
heavy_brown_screws,-5.770734079379113,4.385706876466259,-0.9377176863523038,1.2866665516627522,3.9101869499818362,1.4056419460274787
heavy_green_glass,-5.110742889688399,-0.3611158477363029,-3.078494334434971,-0.4028849273768095,-0.9738228586645321,0.3644912155086152
heavy_green_glass,-4.436221739540965,1.9177064765368335,-1.9408369893774102,-0.5458595026929675,-0.8783961219318991,2.25525873126135
heavy_green_glass,-4.571332353371575,0.9649763655729745,-0.07825980681594538,-0.6544650539424057,-1.7993664865067107,-0.624130780519366
heavy_green_glass,-4.567359363467237,0.7305145590471404,0.6959164858343208,-0.8843811999425868,-1.5227447676032937,-0.3054384657507148
heavy_green_glass,-6.118358776060954,3.0815086002671563,-2.5550468610425456,0.5784511118978992,0.27108563934666874,-1.0645218730649941
heavy_green_glass,-6.328748805224577,2.049816781983885,-1.3660813326936934,-0.6298008178835135,-1.9483489036478867,-0.8817730191842645
heavy_green_glass,-7.053435310791459,2.499530353366478,6.745259361606827,-2.4114768632696792,-2.1389956403802675,0.5426907648296594
heavy_green_glass,-8.06985159521744,3.2152773845997586,1.959921475145289,0.20836026945286248,2.5826850124929224,0.05819187441613516
heavy_green_glass,-8.099869248138836,4.211645300665882,1.7541488860264114,0.7757523211058388,3.4003112237764253,0.09306364220554593
heavy_green_glass,-6.649291773443729,4.3203610196314575,-0.22552910741273707,1.5849746096963806,3.9241637012720045,-0.2998464833857929
heavy_green_rice,-3.905690484194146,0.665821496122189,-3.5977044330258923,-0.14429074408055842,-0.7775712913782559,0.1402297602829169
heavy_green_rice,-4.519791860264609,2.6292003082840907,-1.6305821986749391,-0.30102485268459,-0.35049035227983105,2.30560360276011
heavy_green_rice,-3.8686985228198103,0.8231249989880708,-0.1613369822167414,-0.8963736201808471,-2.1809437193902768,-1.063302110591993
heavy_green_rice,-4.606133200163022,1.4000165754037808,0.9278660886058805,-0.8995550798309769,-1.617359314268916,-0.8818865212746538
heavy_green_rice,-6.219826233637083,3.154772561508589,-1.4873683721626156,0.9031220147912544,0.5221418264037371,-1.6518741309440066
heavy_green_rice,-6.306762945636227,3.5575320576529292,-1.1333078714982239,0.5343219755129669,-0.2629746635140801,-1.9863382674825691
heavy_green_rice,-5.075504814763626,2.9889372615012477,6.221897554799501,-1.2873186391414162,-0.5656180426180684,-0.19906628084013847
heavy_green_rice,-7.119298127815051,4.257884343368773,1.7785895517776877,0.4342083979902816,2.1528026270971163,-0.6280780300287834
heavy_green_rice,-6.729964761083342,5.125447493622212,0.9532618535365863,1.1997994040427746,2.9287148731631443,-0.7989570417392542
heavy_green_rice,-5.461308608422806,5.058856491546694,-0.10774190791513369,1.8032410126756455,4.484647804936103,-0.5014159671532048
heavy_green_beans,-2.7456081258217897,0.07869480444799822,-3.989816154753418,-0.6499126130248105,-1.843844814993172,0.305609442545686
heavy_green_beans,-53.50832012952781,-47.15274539967362,6.459279446147687,23.85371343449063,-0.46662687481139986,1.8937004155691919
heavy_green_beans,-4.193075291495163,1.310279112367907,0.4935932658016195,-1.1577620665956645,-2.3917507623298366,-0.5037050890160459
heavy_green_beans,-4.394634088789497,1.1961094585793202,0.6549231261693641,-0.9307782165376566,-2.1265540775036538,-0.20407848650284247
heavy_green_beans,-5.74723757815745,2.3020752251405487,-1.610445659811777,0.19396065800392165,-0.5853654422993764,-1.4177048839769029
heavy_green_beans,-5.464045211566929,3.3303996849983033,-1.5321586135814893,0.5493567235759943,-0.5764440206766615,-1.4283546226373935
heavy_green_beans,-5.43169966233679,2.8403782306122776,7.112696490392409,-1.6571841498184048,-0.9600951495383393,-0.5223414459276248
heavy_green_beans,-5.858015734427656,5.151121778987391,1.2326604958400167,1.1255851758387134,3.43629810306507,-0.761698748163954
heavy_green_beans,-5.940854127089218,4.615593768246911,0.9539804920172452,1.0649108379020997,2.774441664191091,-0.6225544155837263
heavy_green_beans,-4.918825780932166,4.638314668740514,-0.3556283520989587,1.515550275119357,3.8039178302735386,0.06230953025406269
heavy_green_screws,-5.2032193257905925,-0.758766553088357,-4.0608726162017055,-0.8357476358934096,-1.3505720184795542,1.4164913218178057
heavy_green_screws,-3.6929199289607104,-0.34973124167385305,-3.8790996055203397,-0.44046530077387297,0.9703851729235504,6.0706697756321715
heavy_green_screws,-5.939012030922889,0.5621056045863432,0.4617690718938015,-1.0201177434769466,-1.9042716904858803,0.03442302978798914
heavy_green_screws,-6.280273633677536,1.4240962545437876,0.5833918612425376,-0.6939409882420863,-1.0890221724609823,1.0270825503419243
heavy_green_screws,-5.63457230789762,1.7310399874809976,-2.1852296766554673,-0.07391512938925554,-1.179148777662987,-0.4448097032847224
heavy_green_screws,-6.314483548507529,1.9182328350063376,-1.5962771331726273,0.5773069755307024,-0.059850659226465014,-1.2901120200290972
heavy_green_screws,-8.148998347745898,3.615861929075082,6.55874770543639,-2.1693555076401947,-0.4352697904927156,2.373437148479789
heavy_green_screws,-7.434454878467398,3.825323271240802,1.0930845643205331,0.21922193871470658,1.9601840984323675,1.1821495317288462
heavy_green_screws,-8.021766623324437,4.8901249340235955,0.39345436834113445,0.5342155758365746,2.7350936725146378,1.1133887165436511
heavy_green_screws,-4.7790486808807895,3.8474518444865224,-1.4683245174558803,1.0184069080898301,3.1292638604645395,1.678719776671207
heavy_blue_glass,-2.7222884873489575,-0.6204449367080318,-3.760609265950259,-0.7260780720255706,-1.764343988070049,0.1573921640325635
heavy_blue_glass,-5.3987978070655975,2.1055972568479135,-2.757343888044005,-0.523810992987439,-1.284799772643583,3.2794213673972963
heavy_blue_glass,-3.8510969781357116,0.8555245411647088,-1.024931452603915,-1.068492458871805,-2.3896151739208764,-0.255745176655451
heavy_blue_glass,-3.829702200212873,1.2900953157357775,-0.6670254065199939,-1.1183472397769405,-2.465547991826519,-0.49747659248521736
heavy_blue_glass,-3.8272724603021695,1.5534520465943797,-0.5104171907802206,-0.6234542967622465,-1.3475087340751604,-0.35804441298818745
heavy_blue_glass,-7.556570138191205,1.7009353449038482,-0.5410319778666202,-0.4635086952789695,-0.7215352111084941,-1.2199589830788393
heavy_blue_glass,-5.384612034348756,2.114445405870207,6.2328516672921035,-2.4161046488272526,-2.5379552597749755,0.15559669656220515
heavy_blue_glass,-8.494837318423613,3.015493182868106,1.8962151537206255,0.23389274601574808,2.5154337882534823,1.0878576689392327
heavy_blue_glass,-7.360550286930254,3.8342099657797837,1.0005587205211026,0.06297282877017502,1.6992360252530436,0.10856941476716522
heavy_blue_glass,-7.463053429493676,4.131880466315523,-0.014813420182586662,1.626987504262346,4.53135432323758,0.530168895593142
heavy_blue_rice,-4.053885292274699,-0.43132425835867055,-3.0722266221685586,-0.5825624464761663,-1.2573105978464547,0.11157478454673382
heavy_blue_rice,-4.645007694610525,2.7527573493690842,-2.165830098370994,-0.2542181233789368,-0.5527197136717332,2.6633020646941588
heavy_blue_rice,-4.4984677681352006,1.535942419121932,0.03360014414084232,-0.791065720098287,-1.8317144204879143,-0.8797997329909085
heavy_blue_rice,-5.16446062296443,2.0202390610647663,0.05347234084505682,-0.3967282591130313,-0.7917150173288727,-0.0590726363220196
heavy_blue_rice,-4.281869889862954,2.383834864563379,0.12540416166242585,0.09658210207055618,-0.05465255343443924,-0.8463210293617268
heavy_blue_rice,-6.881309972899896,2.5300428490271902,-0.663043913765705,-0.16664466652860324,-0.9505984584277449,-1.787714669877702
heavy_blue_rice,-5.925123828352473,2.4537396813077246,6.533149463941222,-2.149817383997283,-1.543260061587116,0.24736651726519077
heavy_blue_rice,-5.748452131252527,4.622653571377342,0.4841245390289173,0.9057334432358396,2.4176133184690136,-0.6088522633978242
heavy_blue_rice,-8.411716817040036,4.415019477141871,2.5198929797174756,0.6358625084017281,2.7739669637605493,-0.3583365298556798
heavy_blue_rice,-6.105353912100388,5.180941260589064,-0.26276436260990615,1.6007939354572085,3.5239705493287232,-0.18903637672069912
heavy_blue_beans,-3.1817431200180057,-0.2243949542448168,-3.191637565322279,-0.6233606113760779,-1.5071605081184405,0.23685884611521468
heavy_blue_beans,-4.078886510828097,2.531099579350212,-1.1114687627632174,-0.5281660781760893,-0.0966508413309187,2.6353625340752314
heavy_blue_beans,-3.8104411200624333,0.48469323344622656,0.17838651317620446,-0.8341474383258998,-2.3547491796714777,-0.38761266732443017
heavy_blue_beans,-4.4021693104769115,2.277657419200309,0.31789311868038006,-0.8529058953216404,-1.3746651089819695,-0.026052181322838694
heavy_blue_beans,-3.222774220521278,2.079551955391682,-0.4557837011854362,-0.329933327734262,-1.1428838908199002,-0.505187976572404
heavy_blue_beans,-6.785469562887852,2.4138690172289308,-0.33755122993409786,-0.022839495396054496,-0.863929400258168,-1.5801389058918134
heavy_blue_beans,-5.595170678115933,3.0180049710093244,6.328522438406329,-2.0130412439149707,-1.665906709107593,0.16132747751794407
heavy_blue_beans,-6.302906817121789,5.405930360401304,0.9574429780886896,0.8538334265791987,2.21016629807763,0.12150231127355679
heavy_blue_beans,-7.133050306625825,4.305802646248206,2.0872785132421416,0.28897686552077106,1.6971958786848047,0.027236832670716225
heavy_blue_beans,-5.154666718732094,5.061851354868348,-0.4705173642775403,1.7846550273294757,3.736036065811433,-0.11250932047034469
heavy_blue_screws,-4.005574625031112,-1.0234810897347497,-4.6606866566212855,-0.576049877303319,-0.660417758393559,1.1909180262485641
heavy_blue_screws,-4.566458644185429,2.454624394898419,-1.865316962693385,-0.45619673902234376,0.07397203885782772,4.00981032511191
heavy_blue_screws,-4.936350140103215,0.9123777647920605,-0.8404883535611728,-1.0012121866571793,-2.224800316934072,0.6739034412808513
heavy_blue_screws,-5.808605195005084,1.801919288612876,-0.21861004176928372,-0.48724698761190643,-0.8963716010785541,0.6768323027954102
heavy_blue_screws,-5.584393323346798,2.1287967469313323,-0.5380335646328456,-0.48924366817786397,-0.21720956740256592,0.7484550402930479
heavy_blue_screws,-7.6483637264701425,2.0300715187786915,-0.9583865767284904,-0.46657719143185167,-1.1756593951991137,0.39563586980580184
heavy_blue_screws,-7.464856143583241,2.1375995423901375,6.539778647369581,-2.757977672513359,-2.6255869365396705,1.647123573441733
heavy_blue_screws,-2.854648089583219,0.685482083629058,-4.427875932410812,-0.2805255300642429,1.341465321241108,5.255224341881826
heavy_blue_screws,-6.415417015146046,2.6624582924806925,1.7720651185090384,0.035732576807180116,1.590491208460484,0.4530051341189114
heavy_blue_screws,-5.335396417498433,5.242672858772803,-1.7087760657629771,1.6489488003885957,3.7215475323914347,1.8199887339846614
