light_brown_glass,-4.7834127727361135,0.5772407696116155,-5.092367809764385,-1.7421777775185683,-0.7380838297569244,-2.1445554417081047,1.5263382455913108,-1.4334587066312328,-0.10208902370106071
light_brown_glass,28.951008849718853,23.21911426048354,5.817331206732357,-25.169671410501007,5.375987502009337,1.3994818933700048,-3.167346621068741,-0.9938937209789115,4.166282378551553
light_brown_glass,-3.2338411601430823,1.8540407697109853,-3.911074213725658,-0.6435976584977079,1.3772731276556351,0.04244370894335381,0.7915396464745538,-1.3159006395877453,0.4684254281707557
light_brown_glass,-2.938810164365983,3.3180783485058485,-0.10182693433782705,0.8616308712343609,2.351848466101125,2.3553922386786024,-0.5622681574776813,-1.4240849069805053,1.6800005034897205
light_brown_glass,-4.742265755038541,2.3466014065385083,-0.46615817096684065,0.31365771461667563,1.3085069580310829,0.45091339666267355,-0.5891364178618951,-1.0624788955810205,-0.06673339496665129
light_brown_glass,-3.5541762725505044,2.320109682224012,-1.670520311260688,-0.261247560416827,0.0732643713095089,0.7746743960664019,-0.501571434909564,0.8656915288314,-0.02830761227592371
light_brown_glass,-4.133928979835769,2.750618145765318,-1.9797623243475222,0.5967012261218152,4.116588064553238,0.3099106957013428,-1.187309267445653,1.08910195470502,-0.11351907486122016
light_brown_glass,-3.82499604167846,3.4101683024758365,3.0962479124922737,1.348789401386717,1.228451734819402,-3.034497600241391,1.7656524769245354,2.890251270349371,0.12815866299403872
light_brown_glass,-2.779567570265396,3.4527492664818302,3.246477391294032,1.4820731421833213,1.0288727284396142,0.4840780393723403,0.178919540515353,-0.9801984655608739,0.3757984462005725
light_brown_glass,-4.187719567022703,2.8028789981829907,3.309474069284739,1.2870959660896053,-0.3257481945849832,-2.422362732909797,1.3241254705326682,-0.6211384786058142,1.3580140532420883
light_brown_rice,-5.098505522577333,1.3837908796568865,-4.798955185251267,-1.5300294429875116,-0.4171728302738007,-2.0644232344591202,2.1008047738392395,-1.635927177676725,-0.25850870120886765
light_brown_rice,-3.6342759131453657,1.3224189045231791,0.5800567176739745,-0.6306946843391997,-2.8696326258572213,2.836542280724145,1.9657564407035417,-1.1485459249046772,2.27099057798207
light_brown_rice,-5.337680589819798,1.9069353235030113,-4.12928341261822,-1.0242632844692539,1.910475363851643,0.587914484194326,-1.9944651068308896,-2.6756125567148956,0.04154048478212518
light_brown_rice,-2.917308963356965,3.023317173625634,-0.9401841427649448,0.4111915175856905,0.9656289946674599,2.1860863382401385,-0.4740693807258656,-0.6077430960153349,0.7482893263301229
light_brown_rice,-4.256399349545687,2.4568527447972244,-0.565565713653587,-0.13630031962538877,-0.31111069441148376,0.624648159503414,-0.47870901635132707,-0.8672724051920301,-0.331452507964345
light_brown_rice,-4.23137903571197,2.144831094502722,-1.5693811492106895,-0.19389877640752182,0.5572585946273646,1.1005279475052852,-1.9000838346776054,-0.09726352435179109,0.30607989823871634
light_brown_rice,-3.480447397079834,2.5413629701728655,-1.8267131247466122,-0.008023063513891971,2.412508564657319,0.9235345022894673,-1.277221243143108,1.2210165090136702,-0.4226885648347294
light_brown_rice,-1.7471765138551332,2.734084560000022,1.6442644293185835,-0.35514451652607726,-3.1846689173900855,-1.5374606060071327,3.027115436430353,1.875517048908823,0.2848910079291048
light_brown_rice,-2.1883588237204408,3.785484752787139,3.3775054899207033,0.9904054759465104,0.1904328728148189,0.12052436393975466,1.1347451112436993,0.30347148139456465,0.038474683776985506
light_brown_rice,-5.04935376644245,3.6042289515377064,3.0246208711108427,1.1960830822869106,0.19836058651926033,-2.1172932156873103,-0.6806786485981856,-1.587684134935701,0.8041411212134726
light_brown_beans,-4.9849073306511915,1.651060160590106,-4.695365284017646,-1.3830889300139513,0.4417138393728638,-2.4645292555947256,1.3444947380007344,-0.1987978337167567,-0.28102774449059104
light_brown_beans,-3.990654713586309,1.1355437517157516,-1.0783314036127456,-1.293379718400843,-3.769287991735085,1.229635364486295,0.418220147194512,0.19387495389032194,1.4404981533384937
light_brown_beans,-3.632446092610599,2.2023641946073766,-4.048013942806405,-0.657707905067944,1.4293005960864364,-0.40916784240879717,0.07309371638441682,-0.9413995714874857,-0.48143179829875304
light_brown_beans,-3.2116599729799815,2.7999628214373593,-1.3688564917571546,0.20828884687332122,1.0119751213804116,1.7383549153196145,0.006847304514642726,0.6575025477315257,-0.4212895581143302
light_brown_beans,-4.585444230111633,2.6357626207355347,-0.7148191074982856,-0.39004534813431113,-0.2326339198169185,0.442319281580221,-0.6111234367249082,-0.395380484935237,-0.7422643739735697
light_brown_beans,-3.6739682914143943,2.349743647035106,-1.2628691144188542,-0.31463336366198824,-0.07600975334535093,0.7834866778606947,-0.6252794637628363,0.10818066495920861,-0.2615645938449982
light_brown_beans,-3.560063507031192,3.194246693952675,-2.047039955070514,0.1231706194996155,2.2577133497951567,0.8006863321726425,-1.4368042975530286,1.365487227301411,-0.36606230950996743
light_brown_beans,-4.388625067381305,3.2153346463470047,2.8439088071790217,1.450319502812688,1.307870659355641,-2.1289832389036776,0.22172500295418168,1.6716598271456053,0.5145072435753048
light_brown_beans,-2.0230079614146534,3.9258922044924627,3.343495997290111,1.0060690084909443,0.4339588857382308,-0.03223992576664571,1.4523840100694636,0.583726869658857,-0.2333694465524732
light_brown_beans,-4.486498215780205,4.267408251427386,3.047472098130581,0.8820784263059265,-0.09924925282351629,-2.2169954881117584,-0.31107248729438536,-0.6018331526065112,-0.41548886386160194
light_brown_screws,-4.09372602347481,1.3348999258527006,-4.674640496561903,-1.562218861501871,-0.5703364713119292,-1.5359443451997823,1.1389084401785505,-2.3472216654375746,-0.21548528447164736
light_brown_screws,-4.072853344730007,0.7087787701299652,-1.7794547151749402,-1.5750819790697494,-5.02338896294295,1.5996800968793188,-0.1104070058525845,-0.5947511541827514,1.6141841891714113
light_brown_screws,-3.349933264281136,2.4154677980771355,-3.4586659543063796,-0.5657307093999607,1.5848423190541385,-1.0845070392978053,-0.15180050067045617,0.9596781907495506,-0.3513591522738282
light_brown_screws,-3.7049903985449766,3.5378620835866763,-1.2741459216679507,0.2878115695229837,1.7526248414128545,2.0151618670472145,-1.1193762327793708,-0.012830558152855678,-0.3373521958930216
light_brown_screws,-3.9232880511000863,2.3980134421210066,-0.7123988334832688,-0.20586761214335025,-0.44118094455453477,0.36184315929810806,0.032588770946839804,0.27707069199890116,-0.837402313122698
light_brown_screws,-4.4035637898832,2.3669991359470006,-1.7263466019038334,0.024783871947821015,0.9891420064183518,1.1478863049047472,-2.368257952293328,-0.4049012802004834,0.32672825412109624
light_brown_screws,-5.027200441549106,3.1346574350677696,-1.8044538254545575,0.8526979157040644,5.200504343161758,0.9520745294678634,-2.7831139984852555,0.047171191790160355,0.13030251619210168
light_brown_screws,-4.332570155553828,3.341968248180918,2.8329730602212355,1.30149951979905,1.0016531355937695,-1.9086933557140286,-0.3645678066733803,0.565309968273085,0.610434269206733
light_brown_screws,-2.934055540064491,3.1702398197961377,3.3735404290932767,1.3300024132112822,1.2481808479761705,0.29625159617105573,-1.831602054046481,-0.7744204044468442,0.51443970491477
light_brown_screws,-4.206214193384013,3.5361516854870554,2.9469936691952285,0.6178789211382726,-1.6446367396348271,-1.812935117238105,-1.7400466960999326,-0.9848946460639089,0.0036099518668091892
light_green_glass,-4.011920698960493,2.416010023235973,-4.515776000463485,-1.255798499840387,-0.022285980708110942,-1.5162456208068058,2.5858117341498836,-2.303813748998412,-0.3491420949455379
light_green_glass,-3.4461288229460507,1.6356084532105397,-1.1037925600992793,-1.4372077885773034,-3.891147210925819,1.0115521238896874,0.48721031497918454,0.7780551014001339,1.0063749865703266
light_green_glass,-4.162432316816725,1.8671153037812205,-3.741572182918901,-0.72445117073106,1.6181618745578052,0.010931325940735141,-0.913125311862482,-1.37813942080366,-0.1827016587706152
light_green_glass,-4.379608899219735,3.1574815020768616,-1.741739795920882,0.2269210999103702,2.8511688147037764,2.293534554341795,-1.7822681245270466,-1.1643913160786399,-0.18937825053821022
light_green_glass,-4.221802913501096,2.5170875127797525,-0.7001396425674012,-0.1815101199856789,0.8507509181093822,0.9420269771295942,-1.1908038154056233,-0.8923152442947008,-1.1043216538782512
light_green_glass,-3.329514247400167,1.9581624973615679,-1.80502825673821,-0.6985256063516242,-0.5943828437483264,0.9066674953712707,-0.3674451186961155,0.21660304646771505,-0.6282192651181139
light_green_glass,-2.9914108802827184,3.4818664905369423,-1.0474148315799523,0.621090847039068,3.2596623771132034,-0.4830584384844307,-0.7157728706783698,2.6037465692556228,-0.5090776502311009
light_green_glass,-4.5390224037312805,3.939756128616558,2.8302301904947758,1.3134115812307587,0.7464283663740781,-1.3513459446007412,-1.111636891899182,-0.009520078711013957,0.8119861171220616
light_green_glass,-2.5757953815837955,3.6951716293586263,3.0054629125878156,0.8854783769074999,0.08285195911751923,0.32615552859017155,-1.8112667345148947,-0.4356662453333335,0.43656204547124833
light_green_glass,-4.06283129111188,3.856633880027373,3.249863416127481,0.8712113661883928,-0.0900314744728421,-2.118371006172645,1.0465515779094308,-0.8943277293261421,-0.26719794893794446
light_green_rice,-4.781883724274602,2.1639646031076376,-4.802915493424146,-1.0696348171607066,0.44265851672038076,-1.9755731930211426,0.477400531333953,-1.0439433312226445,0.6701312336488834
light_green_rice,-3.8029811201839667,1.5530956059028864,-0.9321575854861244,-1.2878585015399795,-4.394584472216589,1.2893653842972945,-0.9112621340744015,0.27478244131207563,1.3511694119673567
light_green_rice,-3.142082212436271,2.433293839190032,-3.752924618067383,-0.6922422395444813,1.1752261563356494,0.30832655316300617,0.8083851324028086,-1.968452425411875,-0.42952839253529485
light_green_rice,-3.2684686503342837,2.8249787436828777,-1.3640058820669594,0.064525291381323,1.2880130013665105,2.1237740224361983,-0.592753879903905,-0.20697574484694103,-0.3508133686600809
light_green_rice,-3.7761702861074258,2.6038070366738344,-0.14821002778165443,-0.20267095887659842,-0.35990016231406885,0.6418273509065848,-0.9828674103771303,-0.20603834788743713,-0.9805483400568688
light_green_rice,-3.9858358661760067,1.8621906482412423,-1.8425614007354112,-0.4407894841938589,0.20730592218123103,0.7416329688495957,-1.1577428871895739,0.02491777831482264,-0.40826624725248717
light_green_rice,-3.009802774595955,2.683060092014939,-1.8779567698398054,-0.11424241705390399,1.791209736820233,0.1403793391197998,-0.07259653288850011,2.0844946976360466,-0.6963688136299864
light_green_rice,31.578309888711956,21.539183301810063,6.809420548910365,-25.916451853618437,1.0098106252159986,-2.477119895969896,2.9489398270298732,0.5528420651305161,-2.9668468144954963
light_green_rice,-2.874195084376812,4.274200326248006,2.660702940699479,1.1045805647181148,0.5364727829135526,0.1555556340690579,-2.037785253625595,0.3363660260603903,-0.07409028789512771
light_green_rice,-4.861517311119688,2.689922132216286,0.961128445347085,-0.5331651613006535,-3.428601682087041,-3.9309621276048654,3.343186847382092,0.05159328599507394,0.5649304504084299
light_green_beans,-4.439197549207937,2.0408254340253245,-4.453875907303307,-1.283092286629966,-0.43413850104381313,-1.9289448369506499,0.8263408437806997,-0.42003795548401246,0.5713314993847316
light_green_beans,-3.7185355765570103,1.4478497011744311,-0.9431441593593888,-1.5295656771456534,-4.588682260557795,0.811095554852309,0.45212781379709444,0.771587101223523,1.3638797564084235
light_green_beans,-3.120239749465881,2.6004800645138078,-3.6733212564498454,-0.7741031708330074,1.2533836267241076,0.41821435721047534,0.08302187645030143,-1.733517982021051,-0.2026619942303019
light_green_beans,-3.8938451722484584,3.216059565709009,-1.382113520606792,0.07851695836932872,1.638723192217971,2.236229544442277,-0.2627885780945831,-0.9240164229947833,-0.39714247605590786
light_green_beans,-3.9510592565323686,2.608580840922973,-0.2529092252548081,0.22645333531075,0.4353334224263248,0.2610086770486289,-0.7890299062367409,0.2030054998991385,-0.5510393035831129
light_green_beans,-4.056670096958473,2.5114580934019544,-1.5700196930691908,-0.25382986313776695,0.6108539285591864,0.8745037257871998,-2.110857361263696,-0.031094616892024765,-0.5626425441604029
light_green_beans,-3.738294021695718,2.7239862080628385,-1.850528845208734,0.2013972195042926,2.7447302194132166,0.5400677764704165,-1.2051260320668953,1.4274596381001758,-0.5920116658037976
light_green_beans,-4.400528155861529,3.890306939548911,2.40824130284671,1.1289719501957216,0.43385111730905573,-1.4245038832931451,-1.0281180549735094,0.8630518542815935,0.19536395522538041
light_green_beans,-2.1137866919106254,4.413897752481939,2.9830110677137656,1.192664583505116,0.6667446726519082,0.21833677303763382,-0.3039740818970939,0.331324135326691,-0.8457238523337535
light_green_beans,-4.644993652564517,3.2290257679176895,2.9724694867474444,0.7158027287585275,-1.0462160892793055,-1.8513418341924812,-1.6878233956971194,-0.8847490076533331,-0.195979894154262
light_green_screws,-4.821110312054099,1.5729651444903148,-4.7978308434461745,-1.4541087473437424,-0.22271432731260993,-1.712734014508107,1.4805811850473654,-1.1171711414542085,0.22244844045400788
light_green_screws,-3.582392731218174,1.8876761126586896,-0.8753031402083385,-1.3422492212702926,-3.966076026956613,0.8675002251836555,-0.3043407768245633,1.212447487651139,0.6426315879765455
light_green_screws,-5.01942935769668,2.4671514649092505,-3.7236729817230976,-0.30871340019958526,4.103348939222327,0.3466203671919861,-2.4736150181112633,-2.8082082766576795,0.44967410597876567
light_green_screws,-4.508775635898992,3.3894297016910353,-1.544457505908948,0.47125264009248763,3.4784533460220333,1.9577012961451654,-1.5780316352928987,-0.6441244480252255,0.2219629996743056
light_green_screws,-4.631686919385026,2.6222715168799575,-0.479105955921923,0.47635777698954723,1.7635260699932664,0.8043713397232639,-0.7160193504431833,-0.6824100335978109,-0.407197240486255
light_green_screws,-3.8965170423949913,2.305522387179873,-1.9620688568748763,-0.21849939908001398,1.172634195341261,0.9296232549653686,-1.3362713750931254,-0.13968509081931135,-1.0299668279114262
light_green_screws,-3.7779639077992972,2.6614455599011424,-1.640133703577099,0.04928634918115695,2.208783943407275,-0.07691323403904847,-1.1939865879421747,1.728467881054927,-0.6114885828854902
light_green_screws,-3.5149465679950302,4.084945176084662,2.8567229831058096,1.1731464126912783,0.2791046876044164,-1.2685891796335498,-0.19636255983718326,0.5167591184358901,-0.13722590609162036
light_green_screws,-2.412419163322009,4.019090268629053,2.920261202144618,1.1434333722023782,0.7289711194720415,0.0302292313812704,0.16043253445294728,-0.03430572009121525,-0.6640179282496649
light_green_screws,-4.378078024461342,3.193136564675481,2.790423080009515,0.8290021852008808,-0.3314756148924401,-1.7424926802959728,-1.4489289072995115,-0.7585317392795441,-0.30326773501460774
light_blue_glass,-5.21009789413797,0.5160381247253153,-4.7304202743587105,-1.1795830669182386,0.2985502377779397,-3.242182800736228,2.1215819011792374,-0.361796534178203,0.924719588816735
light_blue_glass,-2.2819393789582576,3.633579609294703,4.381787915216988,1.4041713069385475,-0.08961592853912487,-0.3474900656813224,1.3062659984323273,-0.5707250761879621,0.7310914045334643
light_blue_glass,-3.0218328440247517,1.2804009942595134,-3.4823822457055527,-0.75260040950873,0.15579218077391177,-0.3279771605474506,1.796933011272176,-0.11556501965197948,1.132100716740426
light_blue_glass,-2.409873173106524,3.250221839026231,-0.14096016003108028,0.9362886887814444,1.9583623565622759,2.088383845924393,-0.3572403033548818,-0.5559015002092833,0.8140951259718683
light_blue_glass,-5.142315983510691,2.479709566294734,-0.8102832080360596,0.28165693442939815,0.7311828345263596,-0.18804120277723316,0.6669536535346754,0.5625933834887344,0.7502985817742654
light_blue_glass,-3.3346682240948162,1.8912447572485944,-1.44606909393577,0.09079342665396356,1.790128873467467,0.38674993092194526,-0.3815189295490635,1.7012900793030084,0.13025023642121816
light_blue_glass,-2.8986052656731602,1.3637577791862652,-1.9132402452463637,-0.4300016672763294,-0.11097452558421765,1.4777639878878126,0.3911106134817923,0.8880266391454121,0.8098411143583013
light_blue_glass,-5.048624135107826,3.1676406524628367,3.2043751545791404,1.5796207410463385,1.366654248881707,-2.5057461513104187,0.2938432079379093,0.6725944139883414,0.9638121280804551
light_blue_glass,-1.9179741901445149,3.799536057879304,3.442404705142434,1.4661458200590194,0.27801282562823193,0.9479587309254454,-0.5819360836756833,-0.9557002680242237,1.743118172924384
light_blue_glass,-4.959395442955242,3.1745932316203143,3.7171909911709604,1.006061241997751,-1.116741344475138,-2.9114269887997066,1.0074787377454748,-1.6634447427056647,0.5305493142560643
light_blue_rice,-5.406042027457767,0.6597472000464601,-4.781709454525897,-1.2806136958028826,0.5223450880031748,-2.745328135136228,2.281881062056569,-1.763626023067732,0.6723333230411233
light_blue_rice,-3.3277119468797287,3.4002920374456953,3.301305454431308,1.2032349173788024,-0.07660307523377025,-0.6130783165030905,-0.2978457872148291,0.0019435616222219787,0.38796270694205826
light_blue_rice,-4.002927520128794,2.137666982917987,-3.6186920456461835,-0.6557014508186881,1.379157558212795,-0.007907006023608255,-0.5086745086488903,-0.6573206709484609,1.190618213793863
light_blue_rice,-2.927123772130218,3.2221034033078872,-0.08277298335837796,1.3857069901041599,4.095674727727516,2.2439664225919036,-1.6245224306495523,-1.112003104465287,1.6324497444609183
light_blue_rice,-5.2995575084243765,2.4063496506953217,-0.9471650272234682,0.45315276522011105,1.8086901191051314,-0.22431542788942255,0.30437949798621705,0.5253936144203925,1.1873171103640887
light_blue_rice,-4.361693300858372,2.0824541055992207,-1.8440681251006776,0.2903016570560335,2.3083402792145726,0.4945584962299617,-1.1560558341263607,1.193679180961476,0.4998163539391981
light_blue_rice,-3.144678911882963,2.2501167080011717,-2.0870261157741483,0.0395117321041728,1.5032172734913127,0.6715494164723051,0.1897918790792878,1.9754047810026656,0.4718474212546228
light_blue_rice,-4.216628133210358,3.191299623774716,3.013483271512486,1.357898168894016,1.5540858001928377,-3.317266379723139,1.6006326594985683,2.7513640875859435,0.3971058128519214
light_blue_rice,-2.1025483922670065,3.901354989924658,3.215742357303851,1.2779170839364302,0.18433677097370466,-0.09264845956890598,0.4270916086395135,0.020551369812598023,1.3516989439232618
light_blue_rice,-1.922964720773511,3.154733866171041,2.2421095279016114,-0.20795036652176335,-3.2940022827053292,-1.9902406151621885,2.559385431230207,0.9542129924525721,0.347514733845751
light_blue_beans,-5.588654191041341,0.28701155971871795,-4.5283740536277834,-1.442579202162394,0.11659303691425628,-2.605223353704469,1.217557193344163,-0.8931831777423338,0.6248777271333124
light_blue_beans,-2.9931668256783315,3.481430889782944,3.6091017166799846,1.1286294876924876,-0.17159641321297017,-0.3797886903430435,1.1093969225357208,-0.7555475628818293,-0.09110364175787533
light_blue_beans,-3.923458725769449,1.8944462257951764,-3.756304673994797,-0.7902109577175023,0.7964415735089061,0.13466261708906374,-0.08340159305382512,-0.9832785765970802,1.1030180353850736
light_blue_beans,-3.037135214956449,2.7418805197483223,-0.2854209882520329,0.8248107379602986,2.470306065366586,2.138550810006181,-0.8152252675979633,-1.201872452248913,1.775529534277919
light_blue_beans,-4.594610728465261,1.9746021596595895,-0.6551231919498323,0.31408606667064165,0.4594333862707866,0.24129597133250943,0.8437275676340117,-0.3530177581901677,0.9388048688244676
light_blue_beans,-3.9694950709247445,2.123223090129527,-1.6204634824592627,-0.05729179740898642,1.1195666066599401,0.2795966478386627,-0.7170676392753953,1.3484650363721242,0.26930059591486705
light_blue_beans,-3.3132088792794225,2.4846346942494195,-2.0122347506748928,-0.056531363381031735,1.5592320715321004,0.9905786591677949,-0.5941092436494556,1.0497192471265433,0.05477710675006374
light_blue_beans,-4.857810679744004,3.1710383704403875,2.9162666238494874,1.3883703028833962,1.2067926328822862,-2.1059053184513825,0.4307897642004589,0.5932924739716131,0.4856384420787691
light_blue_beans,-2.022252911579561,3.787413407016911,3.6041047468688907,1.4041886502721763,0.7512635687017137,-0.04147386808204505,1.3556550864503634,0.028988980495232707,0.7732194207785873
light_blue_beans,-4.542454522192238,3.1938745256549987,3.759726577979701,1.1505769993023072,-0.38285776452838804,-2.740649990162785,1.4809325925106478,-1.337867983763584,0.1761482131032405
light_blue_screws,-4.598180383939919,0.5328272172620604,-4.807604599555287,-1.6767855537235177,-0.6380220150241167,-3.0442154749339116,2.081539569308505,1.1167127971911202,0.20718648598559447
light_blue_screws,-3.674591309122207,3.377050900794978,3.0027138248661096,0.9444760936506436,0.08776590420899529,0.17165239775230967,-2.665429895763575,-0.9497739722151204,0.15777626806965567
light_blue_screws,-3.17398236395733,1.8005907314847267,-3.838512342976175,-0.5175821050151372,0.8723297058960864,0.0726713188643354,2.187583160688647,-2.0901353805041167,0.5304952648808999
light_blue_screws,-3.299525169354423,3.8880442779681985,0.35291308003038846,1.7435504336053635,6.122936175813267,0.43479784433008467,-0.894960277602925,1.9085680024231428,1.8430345995589625
light_blue_screws,-5.513101932165457,2.0222150012795814,-0.9118861533985825,0.8409958507126883,3.080970875470458,0.2289069246499134,-0.8234297895579441,-0.8476638842067938,1.2193536162897836
light_blue_screws,-3.175721861108576,2.089776087783884,-1.2749973800786163,-0.1971110836131032,0.28734679392833806,0.6203770790346422,-1.009257766377036,1.6213823085748347,-0.09065131889977378
light_blue_screws,-4.306480403928961,2.616657179919559,-1.988918627817395,0.5135164997539894,3.2407075586876433,0.7024806951755165,-1.991721585243506,0.315538337555017,0.2024401350613129
light_blue_screws,-5.377552631139184,2.72190444404167,2.4651398661116417,1.2959237178578082,1.331570153051439,-1.7487667554712325,-1.1785231943592376,0.198234835453293,0.9414359136566144
light_blue_screws,-1.644385823070228,3.8885953717719928,3.5495252151413506,1.483142091580744,1.0545284362499296,-0.3536044637997542,1.8564731750252985,0.5305714668477968,0.0769552991299938
light_blue_screws,-5.185934112268003,3.133329685705369,3.223163163667359,1.1130809391996521,-0.5365572056416021,-2.6347600413924614,0.23332188619110023,-1.2760529726125276,1.0103332486426742
medium_brown_glass,-0.9946795580496985,-1.6152645429554364,-4.579380080163602,-1.4951214802129333,-0.0658714531198268,-2.3104791692297173,0.23913923250363314,-0.16332406424170715,0.18730972338098995
medium_brown_glass,-1.1456834520673034,-1.6209124752916637,-1.116258521568716,-1.9158002451790035,-5.038063661967334,1.891007038061662,-1.870111158997041,0.11518332508071567,0.4733229056863866
medium_brown_glass,0.49188320326663815,-1.7659714204570436,-0.517136701587069,0.2593048125821806,0.3289905924442122,0.14879713788077703,1.4371016253812137,-1.085694329592144,1.1797349603679994
medium_brown_glass,0.23742960978566818,0.18308405503174444,-1.4081585160309282,-0.17459961206628447,0.8018816973135652,1.6651970109682357,-0.21633206148731976,-0.41670314578445,-1.2975681517213895
medium_brown_glass,-0.020498681599279266,-0.38213013860743217,-0.4041860484271708,0.08658993071028734,0.25380170665327784,0.5494815704181291,-0.5824600956890966,-0.21251628210550744,-0.10819157351831207
medium_brown_glass,-0.1323355867221151,-0.8869398257787505,-1.4107166410466951,-0.4011406295957593,-0.24209266623582132,0.39474537992276126,-0.9509133001246912,0.44967196376576035,-1.1450573740160266
medium_brown_glass,0.6194480908516369,-0.10378271014413555,-1.3020917514460393,-0.026749157264316897,0.8854459829145606,0.518303083658779,1.022077326612552,0.9085102377191695,-0.654158173892367
medium_brown_glass,0.898738116433755,0.5508508429414477,3.292902580606822,0.8945036443140882,-1.058324759882456,0.07849494956188416,2.2785032450233746,-1.2678334492766643,-0.9411329257786777
medium_brown_glass,1.2179101731365332,0.7549442442527301,4.157687963252268,1.3271928883544406,0.04381216265995861,0.14709218747038186,1.8009410350381956,-0.4275298810591395,-0.01716141276778964
medium_brown_glass,-0.5039259725321138,0.4433792562855714,3.26768246202849,0.4844409375088303,-1.6466323252167283,-1.796464730866262,-0.8119174202325685,-0.3796811448894839,-0.5877977840553698
medium_brown_rice,-0.9484318258415729,-0.9379144374500208,-4.219858619010575,-1.123905596573369,0.16660242478731097,-2.1981184394935283,0.2943236431127029,0.4642531770538687,0.1571298215915611
medium_brown_rice,-1.2976770310422765,-1.3291321775105824,-1.0516489783930563,-1.6629516485795781,-4.655356130903017,1.538853681813822,-1.9603500333295716,0.09239284036519667,0.5765181838591824
medium_brown_rice,0.11407186340281578,-1.8761612327888035,-0.5083903721642834,0.19499077010284613,0.22442229526653987,0.28432267541037565,1.8614725282712878,-1.3662491293806271,1.333389139615497
medium_brown_rice,0.4793467028400141,-0.27315850357374394,-1.4003667706921292,-0.04959978601786544,0.37826960450529745,2.0696031011719787,0.5728160720872474,-0.7378648317565856,-1.119337085371559
medium_brown_rice,-0.20192731353268553,-0.36083802547739124,-1.0133032350630802,-0.21056119869141857,0.13954942301727763,0.8168310338591965,-0.5689546896835594,-0.3740183845599784,-0.46728500744557694
medium_brown_rice,-0.23576926872912266,-0.3598936673106244,-1.0128422105344366,-0.28070362546710587,0.07627895496013024,0.354464390311815,-1.6196547336714928,0.571442397280917,-0.7161341901730564
medium_brown_rice,1.0839894705272628,0.2620606226772017,1.7484650225686396,1.5275403593974395,1.1972237697892751,4.125524011979573,2.837689348678785,0.5395744182198406,2.7806114786606586
medium_brown_rice,-0.11521402077427689,0.1610382659936288,2.3038783402979206,0.8517415590814691,-0.5897602148672739,-0.4600259750759492,-0.20883325634078148,-0.19593058407284172,-0.019263537494933532
medium_brown_rice,1.1202569225883212,1.0331196588679648,4.558483670486085,1.7020773741833872,1.547542905376935,-0.938738712734109,1.4212252540818466,0.40003294777349874,0.17801656542464764
medium_brown_rice,-1.3689146298352834,0.9725783529308656,2.908123564458058,0.5852616134609175,-0.7909195601005796,-1.3323573240519573,-1.3776886400988166,-1.1673226868181568,-0.9507795069627961
medium_brown_beans,-0.3618399591628063,-1.2234811797628882,-4.345787257160923,-1.3314768445108482,-0.3140416222811265,-2.138862619772732,1.4731915528594233,-0.9171375402980438,-0.01364045952918048
medium_brown_beans,-1.1197050456876136,-1.2127861674175873,-1.6366799786202573,-1.665531991398891,-4.080177256023186,1.4194353222025176,-1.1300618406352416,0.17940421244767762,0.4230044824328653
medium_brown_beans,0.39498331117528,-1.4467048570552894,-0.48264558296970766,0.4575235022692854,1.7913961520112074,-0.2107784779331785,-0.18289062187186075,0.9551452387218904,1.2047111121779854
medium_brown_beans,0.44606050534138264,-0.46024670714878907,-1.0767652141694213,-0.30339040875344875,-0.16565224073529555,1.5962012321564054,0.6721297146399321,-0.8055435344700645,-0.7345186847645447
medium_brown_beans,-0.3450007613174275,-0.5346561749975862,-0.730733008049942,0.038675034599757005,0.8815116896615243,0.3535530562298965,-0.7671628321136825,0.15611254900268814,-0.6559487076536366
medium_brown_beans,0.5908998960025619,-0.48637232881339326,-1.156928381901424,-0.16449522586355353,0.44317599669861313,-0.478600119519634,-0.542680626266669,2.547761315953501,-1.228649592973489
medium_brown_beans,0.890798658677918,-0.040837524950053355,1.388548381390839,1.2693132353712044,-0.21113272416374004,4.6817339139316285,2.4378541846113704,-0.791352799624037,2.8679126179462013
medium_brown_beans,0.7458156746513389,1.0692468834693287,3.292969834906079,1.2261201811661913,-0.369478283721195,-0.7984814017874499,0.6044290736684098,-0.034097771516262136,-0.23596843589927374
medium_brown_beans,1.4833330883349238,1.5871455988527112,4.3772025861517045,1.570023868203629,1.0690481950252793,-1.3854435536737395,0.9520063981504802,2.014320622523859,0.20738020033893165
medium_brown_beans,-1.1904170629043547,-0.01695044096341342,2.779849576486173,0.4753062834360323,-0.9302779507840845,-0.9660195447728973,-2.0006348199220905,-0.6893652955105235,-0.26798643860431987
medium_brown_screws,-0.4515672888508754,-1.1653052966072248,-4.2519552770313975,-1.3567635509986102,0.2068452763146599,-2.391016122167433,0.2884033028863699,0.6368621724365887,0.1514400953290588
medium_brown_screws,-1.2530896283300135,-1.8906936686709932,-1.6366324342122196,-1.9874465526109641,-4.800536478946513,1.5683187051581764,-1.8008748952729312,-0.003124979177766579,0.3578697041225189
medium_brown_screws,1.0797191932272767,-1.332510279072937,-0.281584063107374,0.2720103752895562,1.0404183857527547,-0.14641402513770066,1.0976835516716157,0.6721404743114403,0.7483314492331247
medium_brown_screws,-0.026095668097918783,-0.6080344597560464,-0.9032372322085569,0.14826816210222282,0.7699006597917455,1.6267881203703993,0.6921874201236102,-1.1301306972995864,-0.6916539863618713
medium_brown_screws,0.23708565188564915,-1.375739481378913,-0.27961011380787665,-0.2494905994144718,-0.6124556976373619,0.6604903641677217,0.600991372681984,-0.68668026732185,-0.2637390556126374
medium_brown_screws,0.09892462320403249,-0.7201957910955814,-0.9246400837079788,-0.2000451710521015,-0.1294254872508028,0.09847521942428158,-0.8999409497535049,0.363406088514665,-1.0319717969383397
medium_brown_screws,1.0009796965885802,0.18233016946207478,1.315141158606689,1.3922969686898639,0.8498732745345159,4.373521394239327,2.305058528896597,0.5478484425419349,2.4986549124527357
medium_brown_screws,0.6120494086041941,0.9461709742980087,3.2529005430072995,1.1547436608186827,0.10319811166793039,-0.859967232082191,1.351449872534917,-0.10758583753542204,-1.011410751393953
medium_brown_screws,0.47650026353906294,0.6964769317778836,3.3035638883645295,1.2721847868416714,0.725753678957122,-0.6554686761906372,-0.8126611387088716,0.5762599611702908,0.447227751141747
medium_brown_screws,-0.9052460378289161,0.05610197284433367,2.861983435385184,0.4052660011989945,-1.1210601632716652,-0.8272903923365206,-0.8914918111329798,-0.6961403439169586,-0.36936612878004255
medium_green_glass,-0.6075393270190743,-2.1494162906301355,-5.081930789191344,-1.3499600192889685,-0.39539451262881425,-1.151138687465175,1.9400443120885928,-1.5261498518192398,0.25376581243509644
medium_green_glass,-0.39654919515338916,-1.0728513718320551,-0.8191928161612516,-1.3480700341021714,-3.244872709081458,1.0322546530459618,-0.6919498290459493,1.0968199430098293,0.33639828255867105
medium_green_glass,0.45738278849630826,-0.7017803579042506,-0.2620060351437497,0.22359569193589987,1.4566149429278303,0.07239341855675653,0.5004246006078434,-0.4481926185871326,0.1980698876046269
medium_green_glass,0.45613158196182396,-0.7321848737919642,-1.0531059382386485,-0.12340384726667798,0.6111470401276424,1.1807630376810005,1.0004095269857036,-0.6354897014362286,-1.9618104498031863
medium_green_glass,-0.34562493951299056,-1.1386816399647417,-0.3075384573571812,0.12707791687900927,0.5131995025399999,0.16194753170502157,-0.585835521665928,-4.5384532843644604E-4,-0.3822176967992142
medium_green_glass,0.30101002272236144,-0.2991450295930565,-0.5981951086564813,0.04524445722701404,0.5965211504043582,-0.29755808356225555,1.1537126038296739,1.0736232015068887,-1.688279625040188
medium_green_glass,1.2489376451270329,0.8562904844370733,1.4308093461185198,1.1513766628054505,0.2089377008674823,4.4441928416713194,2.742484280533003,0.18236682189409956,0.9975743277563202
medium_green_glass,1.1051333685498863,0.9867263788124979,3.4461516222384683,0.9685601875470544,-0.82445726213329,-0.7005592819031073,2.211843651749769,-0.5476329922203077,-1.4088940277026158
medium_green_glass,0.9649036302931415,0.5349923450758335,3.447271810896519,0.8981969824796585,-0.6753310233864435,-0.48017816662562146,-0.4326423071165448,0.08239890868917205,-0.0918288111910884
medium_green_glass,-1.0620366877680592,0.279219245025006,2.876420708936121,0.516072375665563,-0.5784017469715493,-1.2866374540404513,-1.010497454925758,-0.27187637318524277,-0.2649419018751339
medium_green_rice,-0.1983478015281955,-1.6311490516157683,-4.53949630222183,-0.7613019568905289,1.2420931845389418,-3.4150651200301714,2.9163704170519864,2.2636871370211002,0.22737336866073987
medium_green_rice,-0.48908163419923156,-1.0981991401624813,-0.9981720413513042,-1.5530623457323747,-3.7113504561048765,0.9183859880118188,-1.6207849758583275,1.263181595567819,0.21274570503070148
medium_green_rice,0.6641280209829314,-1.0491036355419638,-0.9398549614180899,0.017385017280187466,0.4457188963729176,-0.10576198350948919,-0.30651949035811543,1.2611880073331208,0.43389282347976244
medium_green_rice,0.15938837860303903,-0.7204834444343965,-1.5697089932822552,-0.14247867579916373,0.6441435558037883,1.366228713949926,0.9868560186082896,-0.11953791107542511,-2.124007129417542
medium_green_rice,-0.7171144971732057,-0.26391456808227837,-0.41098515264369756,0.5450161414541368,2.3347219010259153,0.3188715610181572,-1.6709443200141687,-0.18633731943055531,-0.6323551587466953
medium_green_rice,0.2929213908866816,-0.6164393934058155,-1.3787510485328012,-0.09477246530834793,0.05019644644523354,-0.036887342037630035,-0.7823710932939368,1.2520394014633556,-0.31005464541217553
medium_green_rice,0.7508780893320666,0.6677869837829616,1.0599347117724252,1.0896269316985878,0.23976537603396644,4.396947005496656,2.613731417237119,0.2414891227100077,0.9531845065136998
medium_green_rice,0.057780502189027194,1.2891761400653978,3.156719441272235,1.3080003488100642,0.730021359749388,-0.560135689150737,-0.021983147055148176,-0.18594313338846352,-1.199905032763078
medium_green_rice,0.4597120200122907,0.733060573142651,3.750116625353847,0.9629184803763501,-0.35384990419966184,-0.7380222467614009,-0.9918807730670034,0.0060740238120129235,3.5105605920426934E-5
medium_green_rice,-0.7839034179403414,0.2801111241391031,3.0848542295971337,0.6436788246549658,-0.8199909600245989,-1.4810477445162646,-0.8806972266244552,-0.4779037332419626,-0.6226620309963549
medium_green_beans,-0.9372885629768893,-2.0391680320799863,-4.305767482099429,-1.1248604624237248,0.42833516227580815,-1.8624920841653168,2.1086750277844795,-0.786674160641242,0.36463485974722937
medium_green_beans,-0.32474601158962746,-0.7576874772135321,-1.0506387824322843,-1.6102081814524056,-3.277236814782889,1.0971931272084068,-1.201617416759567,1.059477526222296,-0.7643326359131155
medium_green_beans,0.2726946251666833,-0.8427424253142648,-0.9969111774415713,0.3776933764016414,1.78139322770827,0.3873887327362824,-0.8033096166165987,0.896815144334746,0.23662722343203638
medium_green_beans,0.09066732922596703,-0.41282650648558916,-1.4329369716222682,0.08811670383220142,0.9291686802448113,0.997711980285468,0.5644547284464885,-0.2432582132015297,-2.2042668221157586
medium_green_beans,-0.16094772831641288,-0.4401137329898844,-0.7683273952375117,-0.11822444819640467,0.25963583197324636,0.6777534326929642,-0.7048195540688682,-0.03303798390840945,-0.9218469622098132
medium_green_beans,-0.39387296381644804,-0.6725541838667398,-0.8839450895135147,-0.1123257021965867,0.12514791434885938,-0.010526551534441195,-1.51423307530637,1.1508357791987784,-0.11780024291496718
medium_green_beans,1.1656003057324766,0.8984917244295408,1.194016721743999,1.0197595177113894,0.2695804871821059,4.3973752152171315,2.749807431870822,0.29827143707335074,0.3071577124331439
medium_green_beans,0.7653028585894487,1.1376064663929017,3.579547507891005,1.095713103148591,-0.34476725801478714,-0.3587779596265074,2.333796786819334,-1.1867109790830814,-1.9384966234306482
medium_green_beans,0.9361399771081528,1.2107673451879222,3.9837804073831116,1.4852326305100372,1.162804908477743,-0.5015644078991214,0.9038467924354558,0.11544463512141909,-0.16494482166040847
medium_green_beans,-0.8544743456231112,0.5123970892352279,2.9238621476324216,0.5059037596799362,-0.6552067537441276,-1.3514666616997082,-0.8241064861558776,-0.2630015741804469,-0.5985337801141929
medium_green_screws,-0.788365804310218,-2.950780626600943,-4.868685365424703,-1.283626516206551,-0.02457918892655235,-1.8876303486001784,1.1394061278959564,-0.06212245822276151,0.9249586203262211
medium_green_screws,-0.7098863436534563,-1.282490801689744,-1.0632068257603982,-1.6563333827162194,-3.769565156727356,1.1060870387010113,-1.3721833771941658,0.534224380731872,-0.5063957690053021
medium_green_screws,0.5779664351893861,-0.4111910917030543,-0.9022220568766088,0.26256834997267003,1.4864353307623268,0.15424451507873957,0.500723655585293,0.9079992507613007,-0.9203734141790819
medium_green_screws,0.32177171015195666,0.21397823744500385,-1.0138726555975297,-0.11661732605824919,0.2299479215372626,1.6155126124711916,0.06607674717535945,-0.7844932217470949,-1.3011050516392644
medium_green_screws,-0.5243697576371643,-0.43286443653775425,-0.869796936818767,-0.274894394741593,-0.24359228257064683,1.1148722682723151,-0.8438566626388314,-0.3258504010287628,-0.9374331472711895
medium_green_screws,-0.32789755624750216,-0.22558967730775822,-0.7840234468892503,0.24123047468972342,1.6799511076370015,-0.03305201150848612,-1.8067973098360508,0.8536618501801788,-0.5168718288185183
medium_green_screws,1.3832164212015716,0.5836662326687547,1.221473490015581,0.7743959732398603,-0.47506524292710295,4.225572695680697,2.856744246288426,0.44019708056549745,0.23837151131169937
medium_green_screws,0.44685451886262345,0.8000830694079892,3.379392359671792,1.0273783773182277,-0.203571528864788,-0.6850115452857896,1.3857907790089399,0.24414893584303526,-0.7349231036566419
medium_green_screws,1.3016647297592276,1.0579350067410247,4.585378432420468,1.4713619655951395,0.3875297956092373,-0.5203374445823341,1.254333983645514,-0.020599178150701322,-0.11524506823624325
medium_green_screws,-1.6286784291527148,0.40276410026050635,2.7618310586550545,0.7650242570613162,-0.2787917326285664,-1.0520669696458345,-2.1101934428237765,-0.8605093580126956,-0.29005145151211237
medium_blue_glass,-0.8550966282511786,-1.8139832939472627,-4.346309373970836,-1.3589014555517962,0.24604274663070164,-2.552585386167984,1.6270146995954204,-0.27062054050306256,0.19975837443161776
medium_blue_glass,-0.7815890048859384,-1.6327569079826327,-1.0550951826298292,-1.4362347117989576,-3.6188622426716046,0.6939071525611294,-0.7551702705921968,1.0900856180370422,1.190853114009823
medium_blue_glass,0.5175960054418338,-1.1692077194398423,-3.4636378485247077,-0.9242897308049894,0.734331774778227,-0.6147226091460068,-0.8500064056837413,0.056396411320766164,0.1972325152206634
medium_blue_glass,0.9351736169932302,-0.41007724906432624,-1.1539728492268289,-0.24215870425708078,-0.19733975443289553,1.6744600735540986,-0.012928079654619553,-0.23122872622753032,-0.2482904515559074
medium_blue_glass,0.00206939156203631,-0.9402928460690323,-0.17162395212328635,0.08954599882519886,0.6264425986462363,0.041035114369639435,-0.5438821001820597,0.246053777917711,-0.5773679297942781
medium_blue_glass,0.6780081595372879,-0.12163206956856525,-0.8719319109210217,-0.3983771687980661,-0.12182922599092841,-0.4778086015443318,1.39935822327005,1.4526974818594185,-1.743408764639121
medium_blue_glass,0.5313003945811765,-0.7791976733738301,-1.2130383910959073,-0.28907976495695525,0.9307409981194025,-0.5471202584905158,-0.334922879068014,2.605864418247254,-0.6046622406491431
medium_blue_glass,-0.8391057733104449,0.4751863181613636,2.4427888309741315,0.7825653131536086,-0.3082941661685193,-0.7449769758951575,-1.0299983206588543,0.6664879399707698,0.3572039836399943
medium_blue_glass,1.4733871286494884,0.7636385833684928,3.7514787556763305,1.2503272447358398,0.1726906952342602,0.23554513053958762,0.8427767005316377,-0.08398992363053207,0.011106866010185058
medium_blue_glass,-1.5667512839563038,-0.00960711970654989,2.6382342640426035,0.6683197790456676,-0.5369542431399132,-1.821361938785922,-1.866233404702102,-0.40705709879575136,0.13977592429114458
medium_blue_rice,-1.0855434460285278,-2.7818206740054037,-5.529713542447558,-1.9408400667934578,-1.5395686994643971,-1.628711172988983,1.0902318231616337,-1.0351579641197728,0.11365244600228906
medium_blue_rice,-1.1783712833938509,-1.903375217432786,-1.0735370012075212,-1.6974039128217893,-4.647515212473029,1.4771252772909993,-1.3495195208191682,0.6462513694155885,1.1328017750485415
medium_blue_rice,0.3669540107826136,-1.9000336266395967,-4.2469467938220795,-0.8020633362722778,0.8732346682217837,-0.2558463666589184,1.1932918415179516,-1.2226550914996575,-0.5498851059731837
medium_blue_rice,0.14484123029309262,0.06673994508045425,-0.9559606527921469,0.025404476903506477,0.8615584621023618,1.9060445590967057,-0.6375395100303847,-0.7244629565520325,-0.10752494799445605
medium_blue_rice,-0.16821303227561035,-0.40977217698537033,0.1551042349901031,0.252178605120412,-0.19290777539350948,0.7755504282774327,1.3092335271445883,-0.8357114675837016,-0.542534915025156
medium_blue_rice,-0.19216503418843184,-0.2499986625552948,-1.3670032654693178,-0.20562377345434565,0.5728733119198974,0.04574479325923387,-1.2320586891524472,1.3502342418569202,-0.889017587147958
medium_blue_rice,0.36371350319801776,-0.7720177625813615,-1.3952076115163745,-0.5707934042573238,-0.5222386577319771,-0.037849413196788494,0.2123751429443336,1.6372017037794315,-0.6788474178695509
medium_blue_rice,0.15876913850526386,0.5421952642447434,2.4681417014900333,0.9730497566956324,0.0747193024282025,-0.5169625490863213,0.6965580810372061,0.5428024062418477,-0.07990824229940013
medium_blue_rice,1.119342025960779,0.3301135723489231,3.589616473378822,0.9944857346009175,-0.0512282276590791,-0.12332636771605218,-0.1673702960420369,0.3696314045582257,0.47087710354745865
medium_blue_rice,-1.3410837044206638,-0.2668659300028674,2.573518506895648,0.5878646748615407,-0.8330007462397441,-1.319278562089998,-1.451057881832312,-0.6233766582397383,0.37392013751413444
medium_blue_beans,-0.9395761798222751,-2.151798475211571,-4.691713430609543,-1.3401922230176988,0.3493296658809677,-2.867355481467256,1.2432341767509358,1.2638563501770648,0.44925034772975225
medium_blue_beans,-0.9114248270170419,-1.863360011355124,-0.8428719392157181,-1.6453875487385496,-4.338742648427805,0.7486159950398674,-1.4296630360831357,1.1024746723309127,0.8584736944031724
medium_blue_beans,0.2737798338168446,-1.5358304699959182,-4.3184738976275,-1.3043716978707192,-0.16964962697252023,-0.21189035812962065,-0.23546482488326362,-1.1108466551664267,-0.08856272100623877
medium_blue_beans,0.07898089283750423,-0.2335766439368999,-1.3462077752304702,0.350520974834969,1.8566057828120366,1.3907415109742842,-0.30731181213140757,-0.12034940108905563,-0.2859915969829761
medium_blue_beans,-0.1532891256762518,-0.8853012893026374,-0.2911630183676389,-0.15788599305089498,-0.09224377701016956,0.6681925291189422,-1.2698347552952678,-0.7680159057448547,0.10294445946881921
medium_blue_beans,-0.019034389843885315,-0.7668049980454746,-1.181723899879552,-0.11121173081172192,0.7230400093740615,-0.09773497185285566,-0.8888405508576647,0.8836002579367542,-0.516181289480906
medium_blue_beans,0.1668265257739229,-0.8909439461989275,-1.3446810059947962,-0.28412212950542526,0.41290868394308444,-0.017349501759166767,-0.7359826468183192,1.9051612808588259,-0.10874280512292397
medium_blue_beans,0.32311550446668397,0.7448267907295318,3.1043950850895876,1.1208066174916615,-0.32669722294043635,0.34488994134567924,1.2081100352870302,-1.07562458417875,-0.7169909133581228
medium_blue_beans,0.6709302981642496,0.5355007243372693,3.5946302488860895,1.0078460498452477,0.01832921387857389,0.012990009057890087,-1.8924100112951734,0.2825754812618839,0.6973704275233648
medium_blue_beans,-1.0371547723639447,0.2689552737821243,3.2638581161686493,0.7116457917613066,-0.848971468301809,-1.8005365099474335,-1.5223985402448357,-0.5846161026557077,0.7117380005583976
medium_blue_screws,-0.7170322053834469,-2.160980256803999,-5.002610733508094,-1.5500105253061287,-0.6271187772587583,-2.3736700320539748,1.0773458925216512,-0.05530063238230599,0.37678844378470494
medium_blue_screws,-0.6713659720292943,-2.02621358269638,-0.9876476416035456,-1.8810356258308105,-4.604957129978784,1.6724252867830078,-1.0749955711951122,0.6313549655687802,0.6063885377020443
medium_blue_screws,0.5425405328491675,-2.2330372673024996,-0.5568813069472526,-0.22593965119008463,-0.8978649781472482,0.7282898332059077,-0.33691983056480795,-0.1454525640915523,1.937645117011344
medium_blue_screws,0.27833499726576827,-0.41941238859618146,-1.2868940052193931,-0.06897136965004314,0.9668728334694447,1.386020563905024,-0.23196725778166796,0.30551521987425434,-0.4675949202286861
medium_blue_screws,-0.584620405744062,0.04910230521783879,-0.5712108730163686,0.12844789489498806,0.47851539083071765,0.4708514100887372,-1.1255055240556622,0.16106308418644927,-0.3490156200087195
medium_blue_screws,0.3623460037312273,-1.5802153855925798,-1.2298004991138183,-0.8185429135065105,-1.620821090903936,0.1865078355689486,-0.32848033430755463,0.6605656194435172,-0.4528344598034985
medium_blue_screws,0.6319322621116911,-0.27872254146436026,-1.1416565334444393,-0.22660425489481378,0.22007711068991023,0.5239155452330101,0.24498080647356496,1.364327645026933,-0.44664560563606553
medium_blue_screws,0.6375363174142369,0.7899522356131256,2.9898952454493495,1.154764091362654,0.07823362679773628,-0.3405927126506949,1.3599092454003354,-0.6633400664516212,-0.7848898579111372
medium_blue_screws,0.5615164592367508,0.8114385384453741,4.209335465477467,1.5941457583184535,0.9316462800150711,-0.03549111203746445,-0.022880134069831227,-0.6003104204864196,0.10661045552848822
medium_blue_screws,0.3612447222334736,0.16230437774015133,3.434113255508825,0.49199569662864795,-1.9829239579694653,-2.216485226845472,0.5678719635818658,0.018736268962901724,-0.6606807668939264
heavy_brown_glass,2.854301879058937,-5.527476808746669,-3.7672669734991824,-1.1096311896794506,0.39966457939588296,-2.5572333767471194,-0.06694020157525488,1.0004604130393042,0.7285929596905356
heavy_brown_glass,2.1573148366574344,-5.112148323303847,-1.3360757965153904,-1.874965145313863,-4.506231660414769,1.4467583884413018,-3.0549896023153886,-0.4704060843609199,0.2649908750459445
heavy_brown_glass,4.310828142577424,-4.366737750742032,-0.9091069247948036,0.3154511173201383,1.4917769738397992,0.3224099181139212,-0.32761960535494616,0.007182538396161989,-0.008668900073670717
heavy_brown_glass,4.184130417902981,-3.905549462939914,-1.1694350609777935,-0.07022608038040282,0.716223994012323,0.8241702482357018,0.6127278342522591,-0.4771442941975051,-0.585169968124783
heavy_brown_glass,4.127972064096221,-5.491106370648347,-1.2972441837359663,-0.08956972041684486,0.22331072055042211,-2.525157305201773,1.7211498873028441,3.376173213792302,1.1786900490566847
heavy_brown_glass,3.3253708037402534,-4.267655224719282,-0.26196126868023806,0.05806335436323037,0.8012555500268294,-0.33114308799440806,-1.566891713350691,1.1556679390016455,-0.044585498714733
heavy_brown_glass,5.277797511913333,-3.0487820786511795,1.4323569348860012,0.9046455039409256,-0.15394111164637725,4.38021439217881,3.310928440260529,0.1912995621933455,0.3673063116801167
heavy_brown_glass,4.001154236575755,-2.436673547086437,3.0810425405999133,0.8991828300881175,-0.610465124994441,-0.22648634521284755,-0.012329098580993543,-0.43680290174281056,-0.04037575801137588
heavy_brown_glass,4.42787463925733,-2.0978599406862104,4.151364548229127,1.3510843324281858,1.1052426518379859,-0.8621063424811383,-0.11264061181273581,0.2006305137993484,-0.6799318848716684
heavy_brown_glass,3.648222995408556,-2.3416943610035994,4.486858095412096,0.8352572317741903,-1.4921623460172027,-2.0603384408806535,0.5500005777852442,-1.0096809670365923,-0.08387402655216383
heavy_brown_rice,3.203671078756732,-5.437566327727048,-3.657546425501037,-1.2644656880813399,0.06123680371809104,-2.138911215335431,0.5126506523932942,-0.5447076814976939,0.5052111258150044
heavy_brown_rice,1.9156589088750804,-4.4847603482057945,-0.34068019031434665,-1.8398756371084481,-4.528908034989683,0.9897143744071095,-2.304798199456898,0.32110297452374625,0.3226108792012207
heavy_brown_rice,3.983621549712213,-4.592995609956929,-0.8200986285084773,-0.10658227320194753,0.4992331432835243,0.8421064211060186,-0.0709711348971805,-0.562554169306244,-0.11197491400343117
heavy_brown_rice,3.4499543869338782,-4.009550097758764,-1.251019081842013,-0.2958643078844932,0.8573745351879382,0.8234726224162322,-0.49310250668938754,-0.10897258879940959,-0.8516463480039453
heavy_brown_rice,2.484599771894463,-5.308098299156381,-1.1472881263568504,-0.004069042177350211,0.8885452005944435,-0.8998919481394926,-0.6775081924888771,0.37250236302392,1.8314689966901936
heavy_brown_rice,3.7602173876736913,-4.035991852697051,-0.9936411197281118,0.015694156860247093,1.3033518752169773,-0.24751544617494872,-1.026164750534549,1.6155124885198244,-0.32114589422668627
heavy_brown_rice,4.580063494091323,-2.3062735534133916,1.3167723499403037,0.7511439535440817,-0.4406930797217598,4.784863636925062,1.6985620849695324,0.23252613384295173,-0.47200037013255725
heavy_brown_rice,3.4655069670260725,-2.8450226368130638,2.900815817093295,0.855599385881088,-0.34278953961518777,-1.0851921797380009,-0.8714688406846918,0.5793716402926345,-0.4370506801710311
heavy_brown_rice,4.554739961937983,-2.095467439875212,4.177084879436936,1.520969488061002,1.1929922836660896,-1.0113040118332552,0.8076123825953572,-0.05619752051060454,-0.42212983025701256
heavy_brown_rice,2.493316917620555,-1.8773477676100756,3.947512251956449,0.8357144053058629,-0.6052603437212561,-1.9823287133511984,-1.6443166002511869,-1.2618495921749584,-0.8951934967715833
heavy_brown_beans,2.5569224284618075,-5.786156082236834,-4.403678515604988,-1.4589782735524188,0.2539320898821255,-2.3762005070494157,-0.4445387159483668,0.3230523626077469,0.5446886223857592
heavy_brown_beans,1.8727846813428337,-5.04174096221259,-1.303847769372934,-1.919589897705448,-4.5146829899032745,1.11620957793884,-2.862656316954438,-0.1447155398654578,0.23343779064517062
heavy_brown_beans,4.4379409712474995,-4.033059969647352,-0.808797613533282,0.17397011022377357,1.0912684946303037,-0.016170357980252764,1.038963905526206,0.43970817667418144,-0.5154137575048631
heavy_brown_beans,4.057401746589528,-3.669046811814283,-1.0434226523586787,-0.29680236134759114,0.2833709878499343,1.235937255615066,-0.3132490111106919,-0.2144844176975687,-0.8339638424822012
heavy_brown_beans,2.176612185166318,-4.816046461028836,-1.5187078247645884,0.008124843884288756,1.3525147040462773,-1.2312591582419792,0.02061226783300256,1.4341701165934264,1.5842690207541168
heavy_brown_beans,3.8641176762254945,-3.9922887736652837,-0.8392395953542211,0.0679136608767304,1.1061607654647176,-0.8120205982850858,-0.6675865484928567,1.9229154301275084,-0.2133133778259342
heavy_brown_beans,4.484840676060157,-2.3298206951261964,1.2702616051648503,0.6646553698084144,-0.4897606942730901,4.837759369448288,1.5654957754333425,0.11003147274399745,-0.3130250997224614
heavy_brown_beans,3.4393798602340473,-2.8889622081759616,3.0163962440976104,1.0592054844166992,0.03258408706113597,-0.7047788741743479,-0.929334115426624,0.2571419819647298,0.42827208604173306
heavy_brown_beans,4.4059390872233735,-2.4114010181271337,4.728871982641474,1.1624222255202639,-0.23349470796972235,-0.8820077751467819,-0.3670168220493461,-0.7220342470614958,-0.03533727983633239
heavy_brown_beans,2.349061553390559,-2.3128042273995377,3.418344194671242,0.6466807269267152,-0.9005926908810556,-1.5992434898819392,-2.499238529940951,-0.6959141956473008,-0.7190413340725225
heavy_brown_screws,2.695795515903561,-5.887024559954142,-4.2720018630787635,-1.2052384083799876,0.6076349575276137,-2.522196407727174,0.04325404928769463,0.7268667601904241,0.5621928945289084
heavy_brown_screws,1.4777224821333679,-4.534448449895667,-0.5094333651782454,-1.6206823678532936,-3.637445082545671,0.8545888381808768,-3.1336985253388088,-0.735773579569415,0.42235731904810964
heavy_brown_screws,4.747239606443635,-4.134977762868729,-0.8910377486819312,0.04493219059572546,0.955798429714247,0.06370733849822341,-0.36622624161478634,0.5835360412659445,-0.5013707739083845
heavy_brown_screws,4.366465101758388,-3.7124920181354217,-1.371997911964531,-0.44891033289126464,-0.1158899767354952,1.4340109909643626,0.4556948829930015,-0.6675284873805989,-1.2531223979286896
heavy_brown_screws,2.632926333387916,-4.728503001057486,-1.7803788787410295,-0.39976071443301453,0.20854130625625267,-0.8688112736478242,-0.160612388374216,0.41683104917715486,1.6113939786323097
heavy_brown_screws,3.8464725903026964,-4.0024672220737845,-0.00805904425833525,0.25849686534942495,0.9643929157738771,-0.331234712957474,-0.9539123085327023,1.4939112659723055,0.1375446732475171
heavy_brown_screws,4.697185313725956,-2.963176308131698,1.248678392838063,1.0235685441840854,0.8063337051022401,4.201152360794832,2.073286179826674,0.5511518493090943,-0.16474962505605714
heavy_brown_screws,3.910351593042467,-3.105811275225753,3.25146119013338,0.9579843750610004,-0.5406190656285358,-0.34826408435209744,-0.07129596155470905,-0.3050297431538731,-0.016588074039170172
heavy_brown_screws,4.196791391969539,-2.186232887977002,4.30245820614932,1.1996053611081887,-0.05166821620391483,-0.5714453592778109,0.18971646733623138,-0.689347533105715,0.04218859222002988
heavy_brown_screws,3.5974350712474124,-2.6947219535851383,4.189862915223907,0.7985553271543696,-1.4727522555884902,-2.061425827974185,0.26520991394847027,-1.0588937040542565,-0.9825650185561968
heavy_green_glass,3.542563098931198,-5.618741822331925,-4.2277902892304775,-1.2830933423433963,-0.007677657589859055,-2.8635873197043806,0.8739870920613838,1.7467813558726288,0.8026047472789737
heavy_green_glass,2.4692898362873756,-4.131783019368224,-0.016244452518645643,-1.328108087554962,-3.3903124625403334,0.6989287131385311,-1.8998500068305082,0.21130558125350207,-0.29763550922591453
heavy_green_glass,5.165106994475797,-3.744106551722975,-0.9024428243224182,0.4371825249519688,1.6145351977142304,0.39820251185608757,0.7942356388161518,0.3862403591791841,-0.7789690381002373
heavy_green_glass,3.7026586959357277,-3.6229590995870877,-1.3217178514633996,-0.08611731199584897,1.1169142637870517,1.1567068278698571,0.019074608908594904,-0.457774962333694,-1.0944725379583147
heavy_green_glass,2.448288823675978,-4.396831013666622,-0.9350612950072346,-0.20898519214828212,0.5192362961587429,-0.8338671303486541,-1.2631277340070008,0.15201073447065544,1.3344700135865988
heavy_green_glass,4.68129717848989,-3.9913184873464,0.1211183563950844,0.33668271815582496,0.4263244989095514,-0.7740592866078942,1.910262995304823,1.2501111322320202,-0.11485410496593564
heavy_green_glass,3.855089132051284,-3.447842127509867,0.7236652718587053,0.7879425354063002,0.28905242629373734,5.233701186405726,0.22668645774554166,-0.03205341388094316,1.2824015498343053
heavy_green_glass,3.578667118630394,-3.2787493395373377,3.2075060677875937,1.1602137003385609,0.06056342627378286,-0.46946376798877815,-0.14539071614962829,-0.3900421731743702,0.6184121265598468
heavy_green_glass,3.966304254502429,-2.6325182751692595,3.58095056703417,1.2992576496368315,1.341194820161903,-1.1509019395796132,-0.8862874782023191,0.8191712142611233,0.24049832476815144
heavy_green_glass,2.920481290428524,-2.7197302768592326,3.633056425556244,0.5985428346418351,-1.477451393584616,-1.7195787496784483,-1.5682449829271485,-0.48175059326294506,-0.2420779614447416
heavy_green_rice,2.718389913969636,-5.100986021413683,-4.197526110921182,-1.2955378059345741,0.33806807999027827,-2.2994356320753613,0.03934300161756684,0.9751437496311838,0.2992398515539632
heavy_green_rice,2.0242220977243894,-4.262228745187872,-0.1457319151134269,-1.5804003324235048,-3.577767061822502,0.43913207438825874,-2.4789959167936293,0.7300886610809733,0.12192109310541084
heavy_green_rice,5.165145339948869,-4.416425171262474,-0.9276997462368728,-0.0904315352010125,0.4534382396311176,0.3280741954254527,-0.08058764990519655,-0.17603580681090142,-0.6247281971485764
heavy_green_rice,3.8135388179960117,-3.385502340653667,-1.2390555045982845,0.05838263658964339,0.8349138379289763,1.7958699262792799,-0.4516530837867854,-0.8147564303522673,-1.6876491732837826
heavy_green_rice,2.547130283170766,-4.243067360080246,-0.9158578605785858,0.09206208071676628,1.1097474749456124,-0.5776328755785762,-0.5597988610038013,-0.38915746582018435,0.8991346331852114
heavy_green_rice,3.882746153190002,-3.667960869996106,-0.04958761303247961,0.08279164756230795,0.5440811810301026,-0.8136252421583875,0.3268619593171796,0.9095221245955116,-0.48808242393122847
heavy_green_rice,4.457264803239106,-3.0121336216115298,1.6404441989084562,0.9497607769943753,0.06582423967907597,4.446404315178212,2.4355923601259395,0.06925075825141513,0.5437031121692936
heavy_green_rice,3.4377809614435804,-2.6628757730444783,3.622359362004395,1.3834706936478416,1.4235068693465216,-1.0666349884859763,0.27339266315159233,-0.20716726208302794,0.23849535798391208
heavy_green_rice,3.815818640471422,-2.7077041427299537,3.2764213525392734,0.9527042376069393,-0.38340588716018814,-0.42980815441707837,-1.5750763701514527,-0.490046424775497,0.5616550133783054
heavy_green_rice,2.7922669296690104,-3.1001617844033,3.737189576932442,0.6459368515544536,-0.9744103093186659,-1.4096865117832018,-2.447696502442887,-1.0439052218766727,-0.2662168850121843
heavy_green_beans,2.6384743963580544,-4.834887193845333,-4.515350688496164,-1.3720701457307747,0.3850487331455548,-2.1600962898842457,0.07981640443758223,0.08984629239988987,0.03413953010222822
heavy_green_beans,57.68904589702277,39.00140537157654,-17.77515822550954,23.792292602569148,-5.315610120084024,-2.6266501503487727,-1.9339013658446647,-0.41376867760664204,0.7526425362455069
heavy_green_beans,4.3629823565244505,-4.641384725645137,-0.7751644587913257,0.2461827731451129,1.2471226677957081,0.844373680149055,0.21002979592594562,-0.3483715120390114,-0.08040591397197681
heavy_green_beans,4.085538617759226,-3.12171946353106,-1.492397357041311,-0.057200112666651495,0.8610874891143563,1.5035858500641104,-0.68216404922234,-0.41993687238179306,-1.6123750890711652
heavy_green_beans,2.6428771312069155,-4.360917603521193,-0.9687350017344087,-0.13853694795243476,-0.03862079971656873,-0.9114818371719087,0.1480986727238547,-0.16008429784411893,1.348582355249143
heavy_green_beans,3.334299300324077,-3.944805027231296,-0.7564635724367887,-0.0571924549548894,0.8592331763444623,-0.7241322691279252,-0.6567331374675001,1.0883880617668606,-0.49992742237047944
heavy_green_beans,4.650833469894506,-2.8324157886492416,1.5575455724927185,1.0289475144159277,0.6142248006699401,4.287447803420988,2.9387298272309477,0.7051696809092213,-0.5060517220657782
heavy_green_beans,3.5631433381498177,-2.789142204014621,3.325130934856499,1.131994328595357,0.5900347556778291,-0.912922276642279,0.5325359509668781,0.021506148575143727,-0.05871306782486989
heavy_green_beans,3.9771881087884866,-2.1977060214328326,4.1781151360130195,1.1654776562400453,0.1797234927785022,-1.2341801098373062,0.05148760153473374,0.1198370548686307,0.201516501723037
heavy_green_beans,3.096640440158779,-2.783645216627229,4.361393883523487,0.896868968207142,-0.9161259134418801,-1.4109662208377278,-1.068327605588094,-1.5032853609585939,-0.738334119229131
heavy_green_screws,3.4044134541233193,-4.900125583195794,-4.558820358910018,-1.279219988417376,0.19404917380774087,-1.6518675822078384,2.5866647805748895,-2.4829809750035734,-0.7368224834152268
heavy_green_screws,3.8066568102100864,-4.505814101128521,2.060488179982476,-0.11775150365247426,-3.2347087363160023,-2.395582078450786,3.517499767285398,0.8244979752354433,2.5343591907933107
heavy_green_screws,5.23817846765289,-4.756033877707463,-0.5276802014979651,0.38624775050739346,1.1789631531251312,0.02962079472564183,1.8432711693245927,-0.48274376229525173,-1.2185138084758083
heavy_green_screws,2.1662626021606775,-2.8290766796689195,-1.5367037537801411,0.966718016020592,4.393336033398045,1.4353826830147263,-2.7378227646614555,-1.4694324598191084,-0.21230207675043397
heavy_green_screws,3.2253925475646086,-3.617713493193676,-0.12399227853623643,0.5266405569448543,1.4535373821883317,-0.7657754616436767,1.151858316007549,-0.6038699682561927,1.141367325854395
heavy_green_screws,4.739404702669642,-3.969128046169436,-0.4521991411074963,-0.17152598393631446,-0.19639190415524443,-0.4715185025527005,1.5987481305804527,1.258417266164741,-1.1333038047804225
heavy_green_screws,4.348395453207249,-2.8962175651262716,1.3055540727770383,0.7252103434821302,-0.03983449620924681,4.806832631034964,2.0513134761526692,-0.26008331519500705,-1.0717951113789415
heavy_green_screws,3.1235117098356,-3.0244924926784322,3.749069804912763,1.7193389630030083,1.9426671799115878,-1.2388035072374843,-0.2843345773438236,-0.7684367486554435,0.16889491670933082
heavy_green_screws,4.691614071426267,-2.550821627577371,4.474450642602783,1.2555728859305815,0.3872437969360815,-1.267105187285319,0.6573639055289338,-0.24042137000362646,0.18718077739531436
heavy_green_screws,3.184430588801589,-3.0379928173962276,4.024103197748668,0.7844338983007225,-1.0255538436676446,-1.6093168607115724,-2.2736636818436353,-0.6641736653942196,-0.25456406860920044
heavy_blue_glass,2.3519728433467257,-5.870310764457481,-4.107043146634005,-1.6633759702771596,-0.7164789837744554,-1.858504841367136,-0.005452233579912584,0.006118063563479617,0.35212408665689787
heavy_blue_glass,2.195015855137679,-4.316937561455905,-0.3926354515222305,-1.655650884597975,-3.4466265237693245,0.668212215908438,-2.1856254193279767,0.6518654901530225,-0.15579381403542616
heavy_blue_glass,4.510611589050039,-4.3718155681228055,-1.3247986694451592,0.050875084066033874,1.1985160895064368,0.015695567089434627,-0.194730685568384,0.903997320518405,-0.1586817415015766
heavy_blue_glass,3.920460370758129,-3.7750621349072757,-1.4432164647593442,-0.344319419778668,0.2044840080836185,1.6830581096502224,-0.47070971454441396,-0.7433461760055207,-1.0915942198543591
heavy_blue_glass,4.094790544261968,-3.911975573797863,-0.5556603368602754,-0.4334493623136433,-0.10187253410974045,0.21019097705804488,-0.5192547853263111,0.04251222537560245,-2.246041684423296
heavy_blue_glass,3.504748645657993,-4.313361988070106,-0.7003739944377878,0.11174686923843395,0.9699674533428395,-0.5844267823630024,-1.2515026147040527,1.1343010750826885,0.12052794561248172
heavy_blue_glass,4.422436122017055,-2.9249681820379987,1.2930730110812179,0.8733007148448741,0.031113457659950244,4.235096304859646,2.3116312338981806,-0.0032711181488881136,0.8708168512152091
heavy_blue_glass,3.712942428937943,-2.7571749233146656,3.883024734755872,1.2362525396792854,-0.2561642910790031,-0.4280077829690734,1.6379882511534027,-1.4614755757463125,-0.6966758956368889
heavy_blue_glass,4.412496400671527,-3.154203104775246,3.9425506145889537,1.0655505487235117,-0.07943338330011969,-0.28408967839191074,-1.5309506986511818,-0.41260074535017294,0.8196097413877446
heavy_blue_glass,2.205979813725324,-3.4239217558459334,3.2007581848464324,0.7784250617912998,-0.37460476311746616,-1.5874787326988191,-1.7291790633251565,-0.8440503320499952,-0.12544923424304474
heavy_blue_rice,2.435179638593112,-5.7994692826109615,-4.336979035796125,-1.3890483916173848,0.39016491652984997,-2.096427699717779,0.17792581050305187,-0.39565213027155366,0.7834506714689895
heavy_blue_rice,1.7661806983919102,-4.3926976160478,-0.8698361498072333,-1.7813103046189036,-4.2563329905207725,1.0250841865263471,-3.1829824052174778,-0.28720225361205776,0.33765390042972937
heavy_blue_rice,4.435543888914943,-4.6280733057747545,-1.1900017206242297,0.042554884594951714,1.5101299944707114,0.11273100571289622,-0.2272336092618587,0.4983506846758349,0.2505027578275688
heavy_blue_rice,3.532302439383469,-3.0748107882402325,-0.8093816868889065,0.308688226654472,1.9091868458520214,1.5208510190481506,-1.0672291665436082,-0.7028929185019179,-1.0834937942243144
heavy_blue_rice,3.467842482332228,-3.081694084954074,-0.9845463154625532,-0.24397959728974258,0.2497660687467591,0.34765985000797067,-0.2866235698113212,0.373755134468635,-1.4153443163378354
heavy_blue_rice,3.8293899647553085,-3.602474642977255,-0.6000316208859772,0.04766896378093167,1.041095704038443,-0.6286470412074193,-0.9462207592113246,1.1746427616312487,-0.6098436988112669
heavy_blue_rice,4.468929974567893,-3.1304882532137976,1.2590909164975423,0.8320536002197956,-0.32202832180351704,4.981940947496707,2.428021805097686,-0.6632666729401981,0.9078808409850371
heavy_blue_rice,4.347184121720167,-2.5671002359443524,3.712676660689809,1.145410011009925,0.1744742131282259,-1.0039199259314195,3.0586954464529312,-0.8010901569511616,-1.2299352834304091
heavy_blue_rice,4.024352808489148,-2.6911983847748067,4.073642601825267,1.4437911823524485,0.9020115236069041,-0.6156612036795461,0.008587058313109928,-0.42941546222580423,0.587712286981981
heavy_blue_rice,2.334128134177402,-3.232697243758922,3.1434625895465134,0.5652894875431574,-0.6374768015360806,-1.439554806666608,-1.6284936501524794,-0.32637390842529007,-0.2059837144122585
heavy_blue_beans,2.5529044436377846,-6.0423750513273955,-4.234538816499129,-1.348266918902249,-0.06350180633186725,-2.00806341864084,1.4451857973719882,-2.102723703700984,-0.21743482076659867
heavy_blue_beans,1.776839411233626,-4.5560685484558086,-0.8950472918366369,-1.71412610311512,-3.9721757559669526,1.283376136613137,-2.76537583852302,-0.6005578844240694,0.3256686736448936
heavy_blue_beans,4.35118390525647,-4.988782876254614,-0.709790954700126,-0.019655447512784578,0.7932450936482741,0.17169656585471446,0.5818300702268489,-0.06091905297981023,-0.22164372610464864
heavy_blue_beans,3.9016537724414855,-3.3991478581668084,-1.110939843981056,-0.3496461830664063,-0.4433595150648548,1.3204759649082682,0.3826722013404645,-0.9062054165005313,-0.7500835291947995
heavy_blue_beans,3.2929108563839464,-3.5206851205209255,-1.2666579489127578,-0.47941412169388126,-0.6952719882114389,0.757214166049654,-0.4395677408515492,-0.40182321582779246,-0.7661728098268382
heavy_blue_beans,3.8634711299246156,-3.6199531525964024,-0.21533357240590428,-0.0033751536715155616,0.5600540787936071,-0.5811405456028341,-0.9861956354363517,1.2509244292360082,-0.3652648642190376
heavy_blue_beans,4.598012051696644,-2.71432661269626,1.5438076475792577,0.8351952939437332,-0.25575370263608727,4.335043275532941,2.273729470557473,-0.09804372496585295,0.7038402913387395
heavy_blue_beans,3.2736952498955376,-3.190774427720403,3.1982003179417813,0.9726415398101984,0.018260402062193315,-0.8406837678085431,-0.41545060238605,-0.16725111507890064,0.17371059908921158
heavy_blue_beans,4.280482976628326,-2.2117164250384045,3.738336246783669,1.3621543489171735,0.782001497705403,-0.22920194498513063,0.820771673872047,-0.4292882722503623,0.26710991331794576
heavy_blue_beans,2.5701490296708913,-3.0644564773131173,3.416920043172493,0.5599154720680509,-0.9728525462688824,-1.7077980786322045,-1.1664363199622132,-0.3532661224366603,-0.2298418291800354
heavy_blue_screws,3.062226452857209,-6.01419313671781,-4.2552296379334456,-1.5442288882510389,-0.7646611787605996,-2.1893951138805554,1.8068004061627876,-2.41984343703737,-0.3701910311969658
heavy_blue_screws,1.749959051219043,-4.697435114754055,-0.3201196399805616,-1.7557677837513008,-4.0963195375188866,0.8632876268908567,-2.904342667410536,-0.24769908282457603,0.5767166344442487
heavy_blue_screws,4.280465300590694,-4.7068982890573565,-1.034004542166578,0.06395059527608896,1.461876749081989,0.04151175606139447,0.5835895939921282,-0.10650164988513042,-0.36449812368820367
heavy_blue_screws,3.8512167274330227,-3.68972780114142,-1.0038632907246936,0.11532135187098984,0.89598963284441,1.30460551580785,0.7723996439554783,-1.0070210210176591,-0.9271982844851681
heavy_blue_screws,4.553680988997199,-3.637627362065105,-0.3075823994278719,-0.3382148711747992,-1.0321919556202785,0.27729555189709226,2.303160555244256,-0.3403036724447009,-1.4682964612210623
heavy_blue_screws,3.056005223265976,-4.298960118576738,-0.5040218554862317,0.3077712018450522,1.5621769896866584,0.10162309126776721,-2.3429358258558763,0.15371627360185852,0.16241564853791185
heavy_blue_screws,5.365052559611056,-3.130981784369908,1.4926580428501575,0.7564546412461464,-0.8430474115696398,3.625900121018417,3.0287049588684387,0.5840914115591289,0.3809766469177578
heavy_blue_screws,4.1753363987299315,-3.9839719256997186,3.163137123251975,0.5800398655790505,-1.102362977419247,-2.2107015161972736,1.8552881759189257,0.27875473116013083,1.7486785243724534
heavy_blue_screws,4.281721086272244,-1.9335290680396913,3.878898338140607,1.7949901058468927,2.6001260803544595,-0.7948101478290871,-0.698338725193243,0.33052941851609724,-0.023480264869442755
heavy_blue_screws,3.45532464813081,-3.2693066756901836,4.070315807500549,0.7213011094758277,-1.9179421812645834,-1.9084852104833498,0.5499181482218355,-0.7102718058959907,0.001966758188428697
