light_brown_glass,-3.7921127814631803,-3.0001403250554555,1.7600184706236461,-3.8941986203162897,0.09510921004831985,1.125265249213954,-1.9029025824378716,1.4568845618949537
light_brown_glass,-8.747259127115816,4.689379436113593,6.563289091125829,1.2337019632299568,-1.4273835284042378,0.6806382927541506,3.0216386072243675,4.073334213191821
light_brown_glass,-4.4358087122981,-3.6740041755319024,0.31494730375005714,-2.6672980357960347,0.3352130798827888,0.11730456256220864,0.5015982329099867,0.5133832080527441
light_brown_glass,-0.8120352628377966,-2.260128241527206,2.8575851444012783,0.554496830079237,2.245699142067165,0.20587398689815395,1.5875679081423872,0.5618824555779034
light_brown_glass,-2.6240882375053984,-3.509246933137532,0.2963973404462035,-1.599204357953662,1.8757484202631707,1.3112484435802139,-0.43601001157942776,1.3206645678749624
light_brown_glass,-0.7881950232743068,-2.343912819084404,0.8552178878490483,-2.6746553560623956,0.8011279319971656,1.356918906777117,1.0723906978491011,-0.19331619330524988
light_brown_glass,-2.852507603710797,-4.361878223819175,-0.1969530805368658,-1.1100477362145247,0.32231880331883506,2.5963512415070173,0.5825465076170542,0.8950985115395929
light_brown_glass,1.4080042601201983,-6.241448417368025,1.8973283952333335,2.7765391645707607,-0.6874079404524924,1.4878063583564176,-1.4584859409275612,-0.4570579812603423
light_brown_glass,0.8240699819966756,-5.310244892470095,1.1270424636008798,2.871607384301973,0.9115681054054647,2.119889048808245,0.7364160251549047,-0.09445790567511161
light_brown_glass,3.041447577066779,-4.17107087959264,7.613297066022387,1.1603489887244216,-0.93850628984506,-0.6814736821054275,-1.9497269991555655,-0.5164054867523501
light_brown_rice,-3.3222247572226404,-2.417992702456901,1.448908426744053,-3.9080381825870782,1.479675482498308,-0.4766187965776323,-2.1297170839158435,0.7848980190381551
light_brown_rice,1.1060654234482856,-2.7785808550971343,5.753904901360203,-2.5247738809043705,-3.1802237657021726,-1.2978229303545148,1.956208001456962,-2.1164702155455566
light_brown_rice,-5.91954741602379,-2.5113451277291814,-0.7980596884523932,-2.833648368378998,1.1608072813609351,-0.6970688149265925,-0.12725302350041018,0.43560381870510456
light_brown_rice,-2.247788674587136,-3.205928549849072,1.3880141123672936,1.0233063124406088,1.8319526226213778,0.8259111098594324,1.4399672263196024,0.8946348212286276
light_brown_rice,-3.093486952316615,-3.5649064323245248,-0.9005723325015778,-0.4454693375629536,0.9140437633762191,1.3627707763495243,0.09988442223062463,0.8684564897045509
light_brown_rice,-2.3278702809540923,-3.203873079445776,0.2714263911289806,-2.006974000186571,0.086559834563541,1.8636983358606227,1.3550214938269445,0.33412728018092497
light_brown_rice,-3.504034671618672,-2.2620718307415904,1.0101184032533017,-0.9716026981088578,1.5660965050575228,0.956493793642292,1.0985004326577377,0.7344676375079097
light_brown_rice,-3.4503359835857936,-1.5682461482667296,7.459896568818807,-1.3944244589557204,-3.8701191153730536,-5.041097359409304,-0.05393144740107646,-1.2952472484631843
light_brown_rice,0.9970948395066493,-4.968841075046513,0.16719811936176232,2.8924844742209945,-0.00845255439868714,1.3250487763165832,0.6231069615382983,-1.0674422969224295
light_brown_rice,0.5441580161949571,-5.665458016366478,2.933310936716962,1.2774727420302914,-0.6978917741010306,0.21035713828868458,-1.9202878828384136,-0.44635675863493124
light_brown_beans,-4.738217753401647,-3.505840462736857,0.5713597306764274,-3.643736311390226,0.557969696200323,0.4320624158501301,-2.4714111161626215,1.2770287010777912
light_brown_beans,-1.3210359228360888,0.251855415034124,6.224717116963259,-2.071743929212591,-3.692852741517635,-1.570949421752845,1.3196541467942624,-0.7042061185317937
light_brown_beans,-4.7193341394072235,-3.4954859874752793,-0.28831698838030584,-2.7461592224427793,1.7817617558476295,-0.08396805138718683,-0.09096340668347824,0.4997483451598574
light_brown_beans,-3.101260873660749,-3.6921087058020507,0.3727234288003639,-0.13893299699862147,1.197000125006827,0.8570184854046508,1.6613878171923138,0.7361642610099555
light_brown_beans,-3.2147289596878617,-4.360541494481864,-0.7846814119498952,-1.4706017030776697,0.3886688495658919,2.3352112614169274,-0.48701507682328804,1.5288780672880669
light_brown_beans,-3.544860458110526,-3.2359591104359913,-0.7782100476907267,-0.8583907428907658,0.8817728788236207,1.8524972025725637,1.0394356472756925,0.5123337035818798
light_brown_beans,-1.9630603069209152,-3.642152481626607,1.8274399779329322,-1.7622528724803854,1.0218082426587272,2.0650490970659576,0.7525035893636985,0.8201873470470327
light_brown_beans,1.1087315042262489,-5.781572705370067,2.0593020064759644,2.6813158666393555,-0.15331973675077423,1.25689894710863,-0.8225104343545432,-0.35589410851608005
light_brown_beans,0.7418909878373073,-5.430846731065063,1.014429667719706,2.7717498537728154,0.41574629082426157,1.6293842841632262,0.6764422731960208,-0.5108741785902267
light_brown_beans,-0.6945890654998571,-6.345140945055926,1.130007854506542,1.240732171964351,-0.7726476567793495,0.3156935480475512,-1.774696713657422,-0.6054980227186735
light_brown_screws,-4.435295254915634,-1.2303915295207735,-0.15108833042490058,-3.7161966628242395,0.18319221553820164,-0.990193930247609,-1.7703745192993863,-0.18681852099573887
light_brown_screws,6.843836742902714E-4,1.4576427695294853,6.224396129509668,-3.871704764222946,-3.4572315671360245,-2.0597292958420943,1.2260220825184005,-1.546884807782938
light_brown_screws,-3.7887960177992546,-2.103526814239432,-0.2583361980850775,-1.4676714752519535,0.6429185501207724,-1.384188389773,0.5835781495278459,-0.5401504346998351
light_brown_screws,-2.4286438994990087,-2.535890336139729,-0.7957403799141836,-0.7112168916095823,1.0073248915870145,0.4866800771452268,1.4924690911890646,0.1896232301218017
light_brown_screws,-1.3832844106565183,-2.1538013038826938,0.2221043792297391,-0.6547113189794264,0.679981820503303,-0.55981891118563,-0.48525437899132823,-0.02100811133202169
light_brown_screws,-1.5118369650803771,-1.946738556909595,-1.7709691667801568,-1.2547857258304962,1.1439642057297434,0.3602779564387599,1.062062585219264,-0.9235196382111792
light_brown_screws,-2.1068759143778535,-2.604161738332674,-0.637623824819893,-0.5168694226465215,1.1872293342708027,0.7216794610079222,1.3457029625274588,-0.09415827107943424
light_brown_screws,1.0832555366167147,-5.347653229075747,0.9408247472175196,3.535852568015508,-0.993838385666119,-0.02422263668192115,-1.0677876009546907,-1.1399362527415402
light_brown_screws,0.7565794770807417,-4.388176180149609,0.4388951432353358,2.898393648542859,0.8099928731770447,-0.12090843187334066,0.7190514027683467,-1.1658700497449475
light_brown_screws,-0.21094416443044334,-5.210938717342853,2.922182810907124,4.023274382308176,-0.43705915632628,-2.554512382119228,-1.7718556636152816,-1.1085441719824074
light_green_glass,-3.404035233601261,-2.6808826968638932,1.0928376687638133,-4.191609139819926,0.29915372238865395,1.023464364055375,-1.7248886221136646,1.0835973319156547
light_green_glass,-1.2767569671304728,0.14742663914479237,4.2424176787829175,-2.8582576235216544,-2.4594845643068792,-1.889137345906574,0.8607585012256694,-1.0928108833549175
light_green_glass,-3.870964374085929,-2.680454199238753,1.2659894281867345,-2.83042935182697,0.8611585995708849,-0.7624897939149892,-0.2433463823742884,0.48725326102808325
light_green_glass,-3.0531033520713344,-3.2583215726029295,-0.6654366914475919,-1.2109403135845123,1.0743436339137706,1.8069624155875732,1.7710901119913607,1.014807791379557
light_green_glass,-2.776694562761024,-3.581687727746973,-0.17813581519877997,-2.000237024442387,0.9807235436175128,1.730892427192679,-0.5882529435228243,1.4490633558682047
light_green_glass,-4.354519963271569,-2.5692893020239613,-2.2966475079336828,-1.301154372947089,0.8855101305106429,1.4965896647205534,0.9273331299608912,0.3720752758332839
light_green_glass,-4.325261726699461,-3.4972513463372525,-0.6503452738541045,-0.5635755157621535,1.666715418976188,1.5215864430515271,0.8191191409242139,0.9018525939385612
light_green_glass,-0.2810720286152632,-6.472349711453541,0.40877888655812405,2.980365503863825,0.016311452164117668,1.410052532259313,-1.041425189851205,-0.14676690795502287
light_green_glass,-0.2686834654504012,-5.72350330223066,0.12954957738718884,2.9931049579230886,0.12272660371144878,1.886696768464525,0.6272652528262372,-0.24540235966680218
light_green_glass,-0.6750415210012842,-6.1073188852201765,1.7441096995743879,1.7336798082505067,-0.5016499536219329,-0.3679539912755672,-1.7969772136593114,-0.5092179645352739
light_green_rice,-3.863625051845468,-3.0982170504232895,0.948501704407924,-4.2131845709453035,0.23382835662517643,1.3313957592996228,-1.9872723365217855,1.178956955843204
light_green_rice,-3.280374647822365,-1.3400835482759357,2.911666525802266,-0.6833949806309814,-4.384795071035318,-0.7664037166252642,1.9878400505435299,-0.7645525799083978
light_green_rice,-4.099020474783531,-3.039827664425351,0.1492793397661948,-2.2440589165193425,0.9791133235335086,-0.2888859820718656,0.3332446148327069,0.29938300047861677
light_green_rice,-3.1006552719450085,-1.7213930585583277,-1.06558053592558,-0.8892262647404364,2.4678667197901643,-1.0458439363089818,1.6281565563419733,-0.22911884728709192
light_green_rice,-2.534923673116406,-3.26308808862017,-0.39477359145355756,-1.3779859859140262,0.7359600759213307,0.9646238699478791,0.2222219235821173,0.6413124412459927
light_green_rice,-2.953283545496443,-3.316610058323529,-2.347443294283455,-1.0221485948775688,-0.014501384968946318,2.5413309518166627,1.3682456887332801,0.035370854807250135
light_green_rice,-4.418803728745408,-2.3371867907640977,-1.721339354232371,-0.7347348386168443,0.16678212807451254,0.8469083469665784,1.7384842710254216,0.017816693610182815
light_green_rice,-49.700218249497844,17.61434502848718,8.202451076342044,16.479737042017533,-1.9726591278465357,-8.31672904284417,-0.6841540409854092,11.449920802155262
light_green_rice,-0.45978610454699825,-6.176921316008275,-0.36357555537366365,3.0161819886018018,0.6313655169106474,1.7189912554785602,0.24880975777507675,-0.0980382491018052
light_green_rice,-3.265787379310431,-2.44484677235951,5.894782433900759,-0.22170713981834017,-4.106693162174874,-1.3456454558317503,-3.4295511653991344,-0.1063247394333191
light_green_beans,-3.720891958664062,-2.400988841910555,1.3376471400171657,-3.686404069763616,1.1634933495721214,-0.204375555076878,-2.288500090622223,0.6582407911614782
light_green_beans,-4.1709206381115544,-1.55124216557834,2.807805703335569,-1.1463219828722104,-4.36032832719476,-2.0549631315473564,1.5042126373712423,-1.1213505268609845
light_green_beans,-5.403266445776674,-3.229349923193078,-0.5026607420983095,-2.5454791403483226,2.274192103639819,-1.4052444714111534,-0.6613107433884249,0.48751692899773247
light_green_beans,-3.212892326836707,-3.422194934842557,-0.7538811979408672,-1.188201958301612,1.7226261325994559,1.2304096169381125,1.2335309345832233,0.9407692964194007
light_green_beans,-2.229724189111029,-3.5481531025063733,0.7344439633342073,-1.309947747128013,1.7650063602945725,1.7438566894798766,-0.26929230660412706,1.3218558071432136
light_green_beans,-3.0921919553706534,-3.3137929001421367,-2.4840977399718938,-0.9876054814184322,1.0138370220522224,2.218706945502574,1.3145071429087454,0.07817575491586343
light_green_beans,-3.7949626863802486,-4.3130364568401935,-1.0421190228249895,-0.9371562899068896,0.6378073107733967,1.9988156572431899,1.2675492939726258,0.687446311573476
light_green_beans,-1.0542035591709669,-5.686357159979492,-0.10738448129997252,3.1160621826204937,0.18276721136995305,0.9578458153530716,-0.9464752218388222,-0.29030943451335073
light_green_beans,-0.6211129545274374,-6.0067937560562905,0.1324085249464936,3.833664563734107,1.0882368403122242,1.2725428906503895,1.0574608714505582,-0.1913016133224201
light_green_beans,-1.684731827732094,-6.198830984539949,1.9578069458594174,3.9351997380229298,0.4859436232004691,-2.0594791007397575,-1.9579783350801439,-0.5147235408916861
light_green_screws,-4.2297229600436586,-0.9189696740056861,-0.9268420870617302,-4.712011791168284,-0.5164815593958928,-0.11204240243187692,-1.6516254105728931,-0.0208586717559019
light_green_screws,-4.3435801921815616,-1.6153434815045737,1.0679457715031166,0.26169992403602677,-3.078312363759206,-2.2450031938112445,1.5881449550704738,-1.3511939045209298
light_green_screws,-4.370420336658603,-3.136561073719233,-0.8894620714010757,-1.8251566390992426,1.2144260605747974,-1.4705776360397629,-0.3467546228922487,-0.33535703418660046
light_green_screws,-2.605059704495722,-1.9852153099376113,-0.8502159585607891,-0.10606370167594141,2.2463464956442336,-0.7901915570423368,1.4791341641664333,-0.2733938951763254
light_green_screws,-1.6752356401602413,-2.455477547144034,-0.042018041961153836,-0.823907258587048,0.9806676212024895,0.402879848298075,0.38783237885254634,0.4215098406620434
light_green_screws,-2.4559476723106166,-2.6917782053434247,-1.735417561085084,-0.8360669439253423,0.6345247544420147,0.6313267000306325,0.896380105284064,-0.7059034975115127
light_green_screws,-3.114572649468839,-2.6060099008429143,-2.4513411584302975,-0.3678452908210672,0.6637826355821002,0.6425299366342282,1.4988672745385514,-0.5293173899528277
light_green_screws,-0.23077461230208193,-4.692046531249259,-0.9578072956005141,4.079679372150586,0.02586103414658464,-0.10869997501152079,-0.37243466925524604,-1.2694874606813875
light_green_screws,1.3984699005849563,-4.633479604065285,-0.5218496726388862,3.671854716167963,0.5255890704289917,-0.3489753437754049,0.07131105858406664,-1.9974136757956222
light_green_screws,-1.0087272258186555,-5.709057305630216,2.66409728974626,5.695296183336058,-0.8314625642186716,-1.6217476283186583,-1.5471506086801166,-0.4009594095865439
light_blue_glass,-4.966478472857156,-2.991382175382317,1.0713895412970733,-3.6562940133856916,0.01670105610888492,1.1866940463933995,-2.9636271883202934,1.7576873116063014
light_blue_glass,2.3601791255736644,-5.037811860000992,3.705538738357257,0.9824007174038794,-1.2197321236956848,0.9043651690004432,-0.2710625946856784,-0.9073736044588814
light_blue_glass,-0.5871072878417035,-0.003709391020763106,4.468625503070377,-4.35076673972508,0.27082579280130537,-0.7028545381531658,-0.26447136001764643,-0.3916971997182172
light_blue_glass,-0.34706424824078796,-2.6029066190625727,5.333535059368383,0.09746379425094898,1.6695963706335846,0.7081656676065393,1.0054121187365297,1.294532747089904
light_blue_glass,3.8376080721808146,-1.0618830073302374,6.589363597843606,-4.887864177417519,1.1515405204726077,1.784739305906026,-1.7787767319444197,0.8082788886671204
light_blue_glass,-2.8626666970987333,-1.827980338918998,-0.5616164719048841,-0.9618473871548411,1.7718814709560502,0.39533516064225893,1.1210419759054693,-0.18974888271713222
light_blue_glass,-0.7901075550907442,-2.528189442314999,2.152592716015371,-1.4115989825288635,0.9697839671384424,1.338635802372632,1.1122488880006776,0.19170301106872714
light_blue_glass,0.3866437987128253,-5.785711082753229,2.000722823615586,3.1056347796051136,-0.42247738876828095,1.689488259389434,-2.018256843340995,0.08837212278470497
light_blue_glass,1.2565130502494917,-4.709974109740144,3.1336462280010133,3.4309700279090674,0.27125539742330634,0.6806498259061299,0.5006169030960193,-0.6169395252742239
light_blue_glass,2.3654665619866466,-5.135867521730153,5.24314994772916,-0.6739194480102085,-2.0822579324523893,0.48328334392981165,-3.2567541788936425,-0.6748964689832393
light_blue_rice,-3.9637451154469003,-2.6614482251249623,0.4377382499916717,-4.519879965148464,0.47723412083964684,0.8118581749004332,-2.581867050435134,1.3924001142098739
light_blue_rice,1.5427692307181737,-5.266145397510631,2.605002793278161,0.9353916072308528,-0.9155217903694641,0.761942199615609,-0.08636198389951655,-0.9892431857351855
light_blue_rice,-2.6809424369827473,-2.210374229347971,1.7555349567472036,-3.5977889324043337,0.4271505747876906,0.3522800650773438,0.3852929692664699,0.5639791497471962
light_blue_rice,0.05719805765027163,-1.4081398409922934,6.2365670509442905,-0.10011798741771868,2.930211244195085,0.0423011750658879,1.3249626500144005,1.211067494683852
light_blue_rice,2.7514930887483042,-1.4671346938327392,6.5322766817200115,-3.919074973536032,0.8065657445781278,2.0650798459167676,-1.1045232335384096,1.3172889164167438
light_blue_rice,-1.482508028783222,-3.27244990068105,-0.22813218496963727,-1.9846124227293782,0.7679603730763714,2.0094738500211964,0.8571869601626448,-0.023039418161372935
light_blue_rice,-2.4659414864924454,-2.9934400272405264,0.04407608292042556,-1.1006148535479618,0.6469788031711773,1.53478173676017,1.5785864355945514,0.3382280097070728
light_blue_rice,1.7608338749487524,-5.94507881335738,1.1640539334350808,2.616866502810324,-0.5193410509056297,1.469469081987865,-1.5051065169966136,-0.8286422053593132
light_blue_rice,1.6644767216012202,-4.864206143243742,2.1231756763537533,3.037064790103769,0.5774572583672655,1.4157340988803977,0.45853020934523026,-0.6457821189578027
light_blue_rice,-7.24657143673715,-4.108404866570783,3.097684249705898,1.1997128845008636,-5.031762031645063,-4.6378831318750855,-0.3545199895158783,-0.9958490076490882
light_blue_beans,-4.7802097535995465,-2.655667688775436,1.4394733323125166,-3.3376987779286704,0.41112033271184845,0.4572074292517492,-3.1596725276809288,1.6365961514799214
light_blue_beans,1.2383120348630225,-5.384566935985137,2.4710963601702587,1.0295346314963487,-1.0794084971787432,0.855969414657977,-0.14439616951008313,-0.981363610587187
light_blue_beans,-2.318305541223333,-2.7695173912871405,1.1668806659826596,-3.494323627984913,0.19461793563278867,-0.012386602656064713,-0.12138674170630982,-0.05624063880986059
light_blue_beans,0.10175102637862254,-1.9164876260633725,6.263657483409312,-0.5755724814418401,2.2776141689494045,0.5357219645356184,1.3072315962763867,1.4107900255382095
light_blue_beans,3.079387755195381,-1.2455113296355582,6.561992474918285,-4.2889557324651255,1.4154045242708508,2.4208486733625163,-1.1433919471584633,1.323811236598274
light_blue_beans,-0.874200006012218,-2.9717051614759136,0.9045692018033034,-3.145845397415422,0.8745319789392679,2.0536183807884383,0.6201846184040387,0.3433777363719105
light_blue_beans,-4.644233756482749,-2.7990404919081278,-2.1475476950087615,-0.6571273682780588,1.660227119139804,0.19015458894390536,0.8447239826112647,0.07125617311780028
light_blue_beans,0.7863244349425585,-6.075176835840575,1.9109291688441843,2.3628507272641075,-0.7660479525706332,1.672802056205088,-1.2994284323837775,-0.1251231262358597
light_blue_beans,1.338312141724362,-4.981026079840694,1.51171743505405,3.2294466496034913,1.0952666829053739,1.4109610606679148,0.29918006838635514,-0.61933746376756
light_blue_beans,2.0391768321674797,-5.054922748154337,4.777118157035946,-0.9520687920293026,0.21083313314565275,-0.3699319598914456,-3.0926343735476265,-0.5880931244870706
light_blue_screws,-3.6499445907853603,-2.370033908497656,1.2875123877153454,-2.8948728065765192,-0.32267591031922205,-0.1854071184650047,-1.6016631291189518,0.5730754896591603
light_blue_screws,0.6942967844195043,-5.083776463154971,0.42151646189887165,1.5124512396081637,-0.3582365783352568,-0.7254784119232959,-0.3798652136974473,-1.8255500709421535
light_blue_screws,-3.068591345424798,-2.616403635091997,1.0317915228347931,-2.847194156639024,0.39114928944410854,-0.18083337476252914,-0.26467233763577386,0.10016553360030195
light_blue_screws,0.6972948174963133,-1.2555847340523263,4.556110932989104,0.4770271482687379,1.5521649987503898,-0.33027015564480894,1.9199044729644976,0.03499412401433398
light_blue_screws,1.839129403077742,-1.2009742029447057,4.52105127253885,-3.1488951747410217,1.0814416405437985,1.3203626770596157,-0.6793035501343085,0.5680183792041544
light_blue_screws,0.5753094903865337,-0.8194732442874243,3.1356414239028445,-2.95697555992124,1.224888031659485,0.5403452634670028,1.066438535532782,-0.3056589187103861
light_blue_screws,-4.517929236969869,-1.7588038829587536,-2.6448917108744503,-0.982929280445563,1.6197660561590328,-0.7183167948783596,1.377730612271714,-0.4157874859996308
light_blue_screws,1.2115727352502692,-5.660460902731851,0.8565895950380291,2.400677549892529,-0.6019679171069867,1.0396533776511583,-1.363227867147181,-0.9057230266683794
light_blue_screws,0.8852598740421235,-4.677378273946924,0.5205801018081079,3.6764860732501585,-0.023169277389352205,0.9937515015233257,0.9697230674534216,-0.977291671355727
light_blue_screws,2.8319222581568346,-5.320398728184987,4.958956302975162,0.1412024771708251,-1.280887902856534,0.4610749210125469,-2.7245233322168394,-0.8551994291640371
medium_brown_glass,-2.435446868747362,0.3732758911178095,-2.488857826933086,-3.5016650536637814,-0.5905776148389212,0.18547898379119765,-1.3020194552039515,-0.014363018241654202
medium_brown_glass,-1.9571727107580226,1.732368333638815,0.06533679968025569,-0.40687006678172916,-4.2320197807018385,-0.16663284367233835,1.8831253534697467,-0.3515989507269125
medium_brown_glass,5.085953919390107,2.8521916814952037,6.355275849646886,-0.11763734897469319,2.489919321260566,-1.7662985159010156,-0.41899939326600705,-0.0866826735853828
medium_brown_glass,-0.8465784568318269,0.9868690996865475,-2.0422969565961213,-0.21808613424704443,2.327450714903316,-1.3026469058540582,0.752710052588795,-0.021609191936924066
medium_brown_glass,1.7670962103465542,0.659990514036199,1.455925783248634,-1.5824508772690604,0.5824782293332016,0.7590335956539298,-0.04465337036952004,0.6789510944129556
medium_brown_glass,-1.1974923082673554,-0.4255197493384083,-3.9629369876953553,0.060584548162426415,0.282110847061269,1.3219114991275223,0.0492075643860104,0.31392127174944423
medium_brown_glass,-0.8891795698206207,1.8056424112579899,-1.7354782949381462,-0.3937318946400866,1.1173639948909526,-0.6711900741523827,0.7443897012528377,-0.18998233789754468
medium_brown_glass,0.8776479156792477,-1.3575744225964312,0.4091121121210152,4.755315970583812,-1.105402103671625,0.245810944874594,0.24791154114634695,0.022310549719265244
medium_brown_glass,3.6809630501409187,-1.5987785117692286,1.0721880329653861,2.9191568421302017,-0.38774096564065286,0.8010443411927565,0.4686993663498324,-0.6622728526361197
medium_brown_glass,0.8472097725946036,-3.1583553789389542,-0.29576271400697907,2.426991670302206,-1.0224920626965763,0.5549566368411413,-1.904836309469082,0.16269915606780624
medium_brown_rice,-4.29185527068258,0.49309723894713037,-2.7351888776583366,-1.978342194248622,-0.1712705695361425,0.5923074569636122,-0.8975297297973112,0.7058174542799339
medium_brown_rice,-2.8363118870167834,1.4322742168186828,-1.3691762564441625,-0.18520340815751848,-4.149892821014251,-0.21528740256343773,1.986553239595245,-0.6023906674404788
medium_brown_rice,4.933045773181809,2.392878838003667,6.449460661192817,-0.03347725312577994,2.3097907259849304,-1.3176996789622388,-0.5772908606128779,-0.02633098199988941
medium_brown_rice,-0.1527568148757964,0.9070285610236097,-2.038430947506684,-0.07639612639842347,1.1949273094088264,-0.3623588444398912,0.943041892862011,-0.16629143102893032
medium_brown_rice,-0.2677425587538564,0.8383513960960673,-1.178941774621708,-0.27227424618162,0.0035782339392392837,1.5019092897931738,0.6708846920278451,0.5452427427201927
medium_brown_rice,-2.7044562607841685,0.029786045518621396,-3.8767823154304355,0.5706243461400826,0.239580306934866,1.5198181930132064,0.6083975461521055,0.6021644871207099
medium_brown_rice,7.632482791728576,1.2284723457369524,7.78255968795641,-1.1782475357094264,0.3152940898446407,0.21522812234531602,3.168710671579667,-0.8968354804561857
medium_brown_rice,1.9136127373804732,-1.4137574195147662,0.9985758654938035,4.5560435630037945,-0.15804774841174726,-0.309851740048104,0.012220081226548253,-0.21626255739142314
medium_brown_rice,3.1424543400452665,-1.638098762032813,0.8716402568017658,3.3097457384102302,0.2632166331828397,1.0047878677519446,0.25704359364846097,-0.22093241700999355
medium_brown_rice,0.5465598230268729,-2.754515104659401,-2.581483339308224,2.4295307514531466,-0.346498820209165,-0.7952022753325341,-1.8331472808781488,-1.160517641216786
medium_brown_beans,-3.5318560057328137,-0.005386780390892659,-3.0313625666943653,-3.2695030525406303,0.3291211435956455,0.6223579630684022,-0.7723927011193708,0.765254872739405
medium_brown_beans,-3.311343641662117,0.9362175908666255,-2.2414543119513324,0.11220811869628994,-4.8023059157954355,0.09603724236621766,1.8878483943378905,-0.46740464933439885
medium_brown_beans,1.866595563394798,1.18259262712483,4.558320375815505,1.1375088689298207,2.3703951608319462,-0.009443168576290722,-0.2659032446441131,1.4396047718548026
medium_brown_beans,-1.0613487150515761,1.5660452057882543,-0.5873456223298076,0.21420214870772616,1.3711626606724772,-0.07925957663430845,1.1232324009459784,0.6779689991549153
medium_brown_beans,0.6425206641274013,0.2619458189020096,-1.191146010765658,-0.8544853978329399,0.861824932078313,1.2415611051986255,0.5744325436974652,0.609196935218475
medium_brown_beans,-1.1221222570187237,-0.09314293084660014,-3.7769674556901265,0.4708769682229198,0.4656675344834764,0.9700881066538065,0.10714280506250323,0.182146465734078
medium_brown_beans,7.2591043249724745,1.0668081991409029,7.237641184015192,-1.0129450758300798,0.4540023953488336,-0.11975972039237415,3.037010004443695,-1.0090639713115146
medium_brown_beans,0.6315382822230817,-2.8365577179747237,0.14161623642184543,5.759112957096914,0.09051402348092882,0.22592473066853827,-0.5922280712640673,0.4824751412610271
medium_brown_beans,2.1510360800048276,-2.1663717974187144,-0.27148053644793974,3.370313191636754,-0.2562196213141313,1.0031836772396046,-0.2078180088131918,-0.16252639334941313
medium_brown_beans,1.0402691019410293,-3.4416627814766274,-0.7917731164896726,1.343077171110897,-1.5458281109134997,1.4990516656917219,-1.696336641862261,0.1186080161843596
medium_brown_screws,-4.299917899849764,1.9625920904813985,-3.377142666002253,-1.548414144356304,0.33300047954723067,-2.2278079408894635,-0.6623705494727733,-0.47824138149489903
medium_brown_screws,-3.1199803570275986,0.8065292977026483,-2.461109137056324,0.6459279439318711,-4.854730981151574,0.42554648183887533,1.9240689658375745,-0.5191776376817354
medium_brown_screws,1.83597290746483,2.0469283982781534,1.619574075794921,1.2614701242495998,3.2144251263782078,-2.908072125740219,0.126553402539597,-0.635396586700794
medium_brown_screws,1.426062948001228,2.1427511982320033,-0.09958275141510683,-0.24132863193067944,2.1394001514584455,-1.6898613079369502,0.44262343498599327,-0.5703102527939342
medium_brown_screws,2.4702151143013746,1.8974224030655313,-0.4772953502862626,-1.0447877458052803,1.016504431784888,0.7050569349902318,0.4038606673373377,0.06325276372434295
medium_brown_screws,-0.2802501743277469,1.572016569022366,-4.535662910969122,-0.06895365039535148,2.140836399849337,-0.6393766419674936,0.13656130952149306,-0.9612552557981423
medium_brown_screws,6.915971693455511,1.4235635112389866,5.202806020095057,-0.8601724898522266,1.269588787821772,-0.7751299945833677,3.0173246921000505,-1.496361344123474
medium_brown_screws,1.1448546572457317,-1.9164750910745014,-1.7027300608565419,4.666023643285748,0.31935810740167775,-0.28258552364921785,-0.23405401479852675,-0.5121483400851408
medium_brown_screws,2.139003308145549,-0.7439650213435146,-2.121557356453067,3.7601537421678204,1.8138635470848123,-1.8954476231071835,-0.05953903838354642,-1.746559828295157
medium_brown_screws,2.141451802115572,-1.3232210071508994,-2.1516572173161754,1.3479122997546018,-0.007534617903001223,-1.541290362960454,-1.8169468099719204,-1.7605861803668459
medium_green_glass,-3.4485051918562517,1.9866003340410967,-2.2632562543976236,-3.041036968441353,0.012479101519904112,-0.03991481209934852,-0.560721973033664,0.411930772642966
medium_green_glass,-3.6126019047322186,1.0028551779232082,-2.2882669421733293,-0.3269446119579862,-4.318612183877764,-0.3904835373469303,1.9895430150630895,-0.5240676896661549
medium_green_glass,0.12538387142010948,0.4811352276742987,1.5884939846515604,1.548424859151132,3.040418616867487,-1.2164807518320164,0.37713086228633375,0.7533669637788166
medium_green_glass,-1.8728317840624658,0.05197075414132591,-1.634000249900275,1.397206307595844,1.165038166409032,-0.3140704456668143,1.2051429542224623,0.7012282293703721
medium_green_glass,0.6189544309486578,0.9226290462559961,-2.014205357497328,-0.8568077333695768,1.4197634792329366,-0.3193830636459778,0.3349614104300695,-0.10639295464263852
medium_green_glass,0.529698750843615,0.7786656954330009,-1.8112757025317625,-1.0701171042542155,0.5238093240556675,1.133260229307399,0.06705561538495061,0.020223017514257854
medium_green_glass,4.582024909614452,0.9076524651807286,4.755134513453861,-0.05344115123580975,0.05393564836796072,0.8182837836325534,3.7652972316480517,-0.5993203523063
medium_green_glass,0.829497624105863,-2.6725096269475097,-0.9767257944556071,4.4762324153608395,-0.4152112662105616,0.6812232995841762,-0.03736520699830134,0.017762260439551786
medium_green_glass,1.5090694329510026,-2.931034240662032,-0.4722424638908324,3.964794098931299,-0.5381421554463377,1.5077931724711666,-0.34993686145360486,0.10084435550461981
medium_green_glass,1.4387515254719256,-3.126005781963706,-1.0445895735362678,1.0307812274366106,-0.9937024587995915,0.6887082987873607,-1.4995056848139574,-0.46363360744601967
medium_green_rice,-2.6844494149697673,1.8074741236417613,-2.056163740495633,-3.1356139354117474,-0.279950445668449,0.7390071855369111,-0.2892081201716481,0.5724141310712535
medium_green_rice,-5.565260894297831,0.19867669492533274,-3.471893583792589,1.758476200267792,-4.439001539180075,-0.30762255063078314,1.9686817515614634,-0.25596735330904025
medium_green_rice,0.44473378632423693,0.13510713685368633,1.7955294854242942,1.8930724827390044,1.829854049190171,-0.48711981106220237,0.018137543338280215,0.7869901116970658
medium_green_rice,-1.021319952742429,0.061597727663149034,-3.0289222019635664,0.622014193690076,0.8572362563340273,-0.12459650174318099,1.3131590458682643,0.05115538278008036
medium_green_rice,-1.422082910626318,-1.2878294877058907,-1.8811595388139384,-0.21785012094237166,-0.1352464517065806,2.229000025193283,0.5481789684067409,1.6148151631584822
medium_green_rice,1.5077769872671343,1.0948925855285623,-0.11645631684390295,-1.1336075966403556,0.20149725265865015,1.9934646437634433,0.6845737862705993,0.4111159435193926
medium_green_rice,5.230855949833881,1.0540408067565448,5.383169848983879,-0.289322614356045,-0.1773317813628634,0.7697781016993017,3.514588887782938,-0.8432995626609803
medium_green_rice,0.18518127711093496,-3.109490726964898,-1.4537093734028488,4.246170998504459,-0.708138645163364,1.276208561858104,-0.2027501991933451,0.3571870001971267
medium_green_rice,1.8280501783111174,-2.732746937174209,-0.9261049115189361,4.168730642515886,-0.1810066519076995,1.282914305388198,-0.11249828129720674,-0.24954639478264473
medium_green_rice,1.2265404428488544,-2.4395441178704336,-1.3502844253412976,1.4928572061714322,-1.34883684636652,0.41872650070635914,-1.0552248804166326,-0.7224648554471212
medium_green_beans,-2.6920983120845263,1.165363705453127,-0.8980421283371641,-3.149174935717222,0.14973111684411483,1.2107158519166648,-0.3338238734070991,1.0291878823453264
medium_green_beans,-5.552220959070738,-0.012056142617542537,-3.6863318571118016,1.2446275378220832,-4.091975605153867,-0.7448138493245418,2.385211479416748,-0.6800196249356298
medium_green_beans,0.7604775482993619,0.7440278421151503,2.8166755923479467,0.4600405480422067,2.5745026790677485,-0.22447422907945205,0.42071749819609555,1.1061698156640847
medium_green_beans,-3.2945187464291914,0.6738220718469546,-2.1906081054283395,0.533567579113336,0.8722410256465282,0.2565629053895651,1.3465605062411394,1.1753982418019582
medium_green_beans,-1.6971092089105222,-1.091109740418887,-2.961383222106858,0.3091964321058906,0.5428257506117031,1.2476462284089398,0.36118532642943685,0.8980134441951334
medium_green_beans,-1.2946201939928415,0.7155206466189825,-0.8052163402788665,-0.7987120578556738,-0.038795062716848766,2.7054753482871194,0.7822892755741998,1.4192281597452123
medium_green_beans,3.8084383922173033,-0.48607690393418734,2.9640989811349865,1.0101064970660814,0.3366933328141215,0.16831467407787049,3.684953335688169,-1.1834048756437348
medium_green_beans,-0.04778063732174711,-3.160296593496015,-1.0304543373665869,4.838207544629376,-0.33794486060003964,0.321759284202329,0.10897084077506915,0.10733406358827793
medium_green_beans,1.9982102733382168,-2.225067446823517,-0.3407682001807379,3.4957968221787437,0.09387755065531879,0.3308463187487477,-0.377956128644606,-0.41029246134650676
medium_green_beans,0.8078785084448789,-3.2977644833538813,-0.7881657460243907,1.3454766880420808,-1.2358624839587777,0.985401292729686,-1.1309196265808679,-0.18088515302232397
medium_green_screws,-0.04541270781836723,3.1544149608043397,1.4457381340904107,-4.072123827919351,-0.7187429720082333,0.33677933094158996,-0.13620784392392338,0.09362520781794642
medium_green_screws,-4.34923292495773,0.9018608571561655,-2.6995266408934815,0.6486469370880255,-3.967157148800148,-0.7939385018983734,2.0749414754616873,-0.44496755379486297
medium_green_screws,1.1243074224030196,1.384164246847158,0.933614903470268,2.0908544191632616,3.242306870521837,-2.6627278719169123,0.6268333615450492,-0.6691921212817031
medium_green_screws,-2.0674859881062435,1.8538561990744766,-4.253016594870875,0.6103072249815006,1.9904289957849637,-1.966122092834476,1.0965957248966005,-0.6361900328548648
medium_green_screws,-2.7012039779328223,1.0334642813524046,-4.764808610237437,0.9243512590034456,1.249809665533526,-0.5321504850724191,0.44099274759680723,-0.17954235567642285
medium_green_screws,-0.29241480263263514,1.2248729862611165,-4.0915553183777105,-0.1304524178673388,1.4609116572672487,-0.5714478637666145,0.19080978824125783,-0.8819943626910856
medium_green_screws,4.024769110822802,-0.15391089550709597,2.304110749780215,0.7271993318489917,0.5516116133601314,-0.1892614849344979,3.4802292600743794,-1.4710408668659536
medium_green_screws,1.1220953652465486,-1.6308550830339419,-1.2351130730979167,4.652900736744081,0.8973633845415637,-1.8213718668382495,-0.7672852255265086,-1.1070775988856045
medium_green_screws,3.0530975982573434,-1.5063879586511293,-0.246051874921851,4.126342264871272,0.014883214146663166,-0.5299177438041666,-0.5061635307382193,-1.1314716961796405
medium_green_screws,1.7345548765600074,-1.6980548287859636,-1.89875799141685,1.054749406208185,-0.6056990703079859,-1.257539955562332,-1.5745398935898716,-1.5310942591748984
medium_blue_glass,-2.6759460794194867,1.8669614052964543,0.011530605866249554,-2.654824655969741,-0.21983200937995007,-0.7592993461555304,-0.8755329951014844,0.061613004386760054
medium_blue_glass,-1.568482981594945,1.7047452820400513,0.25321701687378456,-0.7688275874919901,-4.263678653982726,-0.44440893224424405,1.6733300212955546,-0.509656578849248
medium_blue_glass,-3.404694595105114,0.053494245228540516,-0.9337249817447335,0.5187209528014358,0.907303090165624,-2.6392478741548207,-0.012537468407646316,-0.5029212794179042
medium_blue_glass,-0.49835544361745576,0.9390575699532745,-1.9832154633418586,-0.07643651305837411,2.3416144830285024,-1.2825128556735348,0.6796679818267238,-0.047846349067195926
medium_blue_glass,0.6685677916525125,0.04817423639549549,-0.4365174112853599,-1.4470786357397398,0.7216085996915892,1.454968718450197,0.031234183073036534,0.9541243592763614
medium_blue_glass,0.09897182329363997,0.3101641703928937,-2.2344994448438062,-0.6919911540693093,0.32403584410033737,2.026670110641249,0.3830288737163804,0.5058737322126143
medium_blue_glass,-1.4847350183440768,0.013346490454678547,-2.8931842706068287,0.10501357705805409,-0.3158930404559688,0.8370465064261908,0.8779886807831713,0.16422144483757298
medium_blue_glass,1.6423325020965829,-2.4024876380238154,-0.7335755269769374,3.7279310685738105,-0.35828924488025204,0.4460085221393616,-0.5514847177705632,-0.3163827938932897
medium_blue_glass,2.8786378234819834,-1.6060528674518442,0.42219962223592766,4.139426729764548,-0.029275803376881016,0.1664890866847652,0.4869102485716466,-0.8297622453216934
medium_blue_glass,1.4087512978697614,-2.9567919050570497,-0.4063435353977584,1.5414106014899214,-1.5813255029176387,0.972520605164756,-2.1427899881655943,-0.06034587325003252
medium_blue_rice,-1.9069324220971584,1.7556906058956283,0.022932520785550685,-2.347488451777448,-0.573246786118335,0.06046015964896469,-1.0899670781777335,0.3374790310022957
medium_blue_rice,-2.1321086994044194,0.9620566872559991,0.16551060612764956,0.08953017024063102,-4.577321970189945,-0.3864413829123157,1.8170530085803824,-0.5503837018992183
medium_blue_rice,-1.9443057060679971,-0.7772718451451756,-0.2524510699113357,-0.1545977926737543,0.7970632829403517,-0.38326220422735396,0.006956167114061752,0.22961733306451862
medium_blue_rice,-1.3565083917458607,-0.4613529557475408,-1.7557875435137913,0.17749494648840927,1.372592164888304,1.161582926990273,1.024726959900217,1.2961226505643926
medium_blue_rice,0.698614156770054,0.2514372047451654,-0.019752453874296395,-0.1686006445463475,0.5856917580782343,1.0024368592829993,-0.12254432723229688,0.5400805861632774
medium_blue_rice,0.22926602790531714,0.7205323646520542,-2.6958203087714474,-0.2053863497375409,0.2320621390756213,1.05127593079273,0.2800269971090021,-0.33434794499558684
medium_blue_rice,-1.171089254987853,0.52417778640225,-3.0776138465385108,-0.09658044590614141,0.33467892554891304,0.1112983330676144,0.7554688100699195,-0.16372701087808145
medium_blue_rice,1.9028321578589722,-2.0991112260100198,0.64523330953107,4.40989351097565,-0.8546360227152623,0.5507016411069386,0.13097881174403764,-0.12042457448324922
medium_blue_rice,2.272900286874344,-1.8622046471376044,0.3967425758256741,3.966233779011722,-0.5798338592608772,0.7963868124674376,1.0389494341393855,-0.43379420458224305
medium_blue_rice,2.298338000128008,-2.1194651102982416,1.1348169846632836,2.92957581280297,-0.7811387317629426,0.22236519593940976,-1.4755243867362686,-0.20890631504753943
medium_blue_beans,-0.3358577922328925,1.275668065768064,1.7385574251953249,-3.966685438370999,0.1444795527194962,0.71937871458794,-1.4716160935665838,0.8109572258581277
medium_blue_beans,-2.5466913031673983,0.8322764157599994,-0.316467628689251,0.7196168242121892,-4.191472451764605,-0.571343930282675,1.5249203133282496,-0.6719654499842054
medium_blue_beans,-3.3261812999449605,0.5446498326824033,0.3670537459314783,-0.032721655248973684,0.8168664623264814,-1.1117494141701305,0.6329452351541799,0.32629978287061007
medium_blue_beans,-1.9263815090665677,-0.8370109835030659,-2.680455494618823,-0.07502256587268041,1.323792791314881,2.1338321828013727,1.0808055774985377,1.5958511737773506
medium_blue_beans,0.18507209668692096,-0.45732073644948323,-0.005310775848791464,-0.23270343651626885,0.7410257535918874,1.5446257432136863,-0.042178322636820156,0.9772188096504413
medium_blue_beans,-0.9813193323450878,0.5555611154872286,-0.9287507463621893,-0.10884105862548799,0.4354796964006359,1.7157077072497728,0.25013067648407533,0.913503865654982
medium_blue_beans,1.2611174388186814,1.2953425302653665,0.3869480906749624,-0.7476626075559462,-0.20435405642645435,1.3768794401410405,0.6907344684886408,0.5192254173919868
medium_blue_beans,0.7785195531541599,-2.5811715985928996,1.0754107187437243,4.985886435349217,-0.6440788434689644,0.33270035012579924,0.025345609868351424,0.7528039645302972
medium_blue_beans,2.505103488359679,-2.527413232769716,1.039123290429873,3.6271843163384987,-0.20498604427087364,1.4007676288386786,0.02677509129575413,0.1721335390015073
medium_blue_beans,2.329676553483586,-2.527557335072081,1.4613104731542872,2.231909160062082,-0.8088040523195431,1.1038193589939793,-1.6064996309015462,0.12051377085842181
medium_blue_screws,-1.8068643330748781,2.467386383836287,0.7716178788587074,-0.9834111881414992,0.5911539617170415,-1.9657237127821816,-0.7146714751501269,-0.27662556408532024
medium_blue_screws,-0.6208110627134308,2.1600064115995323,1.217879526585108,-0.7644216320142478,-3.996196491040753,-0.7977780411036258,1.400617218191055,-0.8674291872252399
medium_blue_screws,4.915758866139771,3.3553463890903927,7.089223563038053,-0.532239474983107,1.9428106236031821,-1.5178411229531854,-0.43038120207711567,0.12555027989767953
medium_blue_screws,-0.2875068439228765,0.8044843492132545,-3.0649409999730604,-0.18934046870007154,1.4776102149323833,-0.6745436468976199,0.4593084593616369,-0.4330841826335571
medium_blue_screws,1.181115093982,1.8858438673656122,-1.7113340827678407,-0.9890319395443702,2.140599982010608,-2.282200944895225,0.12282144202701883,-0.9722603330499772
medium_blue_screws,0.0626824093881641,2.455923521110862,-2.3009339157578603,-1.086857520062812,0.9320046216098328,0.5901810309972693,0.7398834273015825,-0.14380589159209328
medium_blue_screws,-0.04392642147866431,2.999640354426219,-1.8027055089122612,-0.7712987814293776,1.3020643947661077,-0.37191815954417096,0.9997631357703142,-0.3463122136055415
medium_blue_screws,0.5334280449605259,0.04277990269409371,-0.9018037218693898,4.757008961374018,0.8048475750278173,-1.8849542128525165,0.031866562321334606,-0.6962369075296638
medium_blue_screws,3.534309009978363,-1.0552547608711382,-0.39201262297403605,2.986448758303393,0.7233267832635624,-0.08407113065314138,0.20814991583389147,-1.0964091519763857
medium_blue_screws,1.2962463456563462,-1.6160237503772168,-2.1302547659948448,2.7787810954534975,0.7098403686552277,-2.005017693139878,-2.0783979195631996,-1.5743073739232876
heavy_brown_glass,0.7934085642186899,3.113292542332619,-1.688993168678194,-2.93776703235704,-1.9326075258712352,0.8329993337141695,-0.6088832268123591,0.7655016251293205
heavy_brown_glass,-2.024673337879696,3.90498770659193,-3.0519935818812356,-0.4668069600143196,-4.696967668592065,-0.5446475381555081,1.2196615678392084,-0.11401014468960655
heavy_brown_glass,3.0181494068156205,3.9987496941913045,1.695346711208809,1.9184331714500844,2.0406601948144227,-1.1806831566971034,-0.061161532501188394,1.0329619117577362
heavy_brown_glass,4.246030460450894,4.608592256269839,0.06518192507234748,-1.5790133261965353,0.5594494878626258,0.2141479420464148,0.5302799640820305,0.5222937608734846
heavy_brown_glass,5.246384365904274,5.7795892781007305,3.1894879389687434,-2.8547905265561897,0.4088702432030171,-1.017857590941327,-0.9636587393162866,0.45544291001553294
heavy_brown_glass,4.56551488763346,4.773910978591088,-0.6963254914192156,-2.0737980290724405,0.1478907260467258,0.5374818538080295,-0.19476496017765366,0.4067362904578833
heavy_brown_glass,4.429053680242044,3.3440504086146987,0.42303578663801616,1.1935660566499282,-0.09920748697211124,0.5172887951073567,3.351621153939232,-0.14658469128010657
heavy_brown_glass,2.747569757762794,0.8255898922794881,-2.95561486788448,4.225302724272873,-0.5562680022060199,-0.23538037586077695,-1.5006498995567972,0.46944562739692675
heavy_brown_glass,4.685726515152357,1.859124270335442,-2.2395956990911317,2.806319027479913,-0.4781662240480591,0.19448569997039686,-1.3643030612495248,0.1444007445136331
heavy_brown_glass,4.441623042864305,1.5588437850905617,-1.810653951677786,0.6813771120403348,-1.7717619497715649,-0.22435415639243916,-2.8201405645523407,0.03024853450470629
heavy_brown_rice,0.8086023489580583,4.369350663344341,-2.889872726774348,-2.979604631375119,-0.4490288361301149,-0.7390515593951456,-1.463642557895787,-0.3042265327492105
heavy_brown_rice,-1.7652083440579804,2.994534459606778,-3.881242385875922,-0.3243786852894105,-5.746768348937865,0.38958260738457756,1.4466933735536573,-0.19658369699549405
heavy_brown_rice,3.495126601802346,4.127380798556325,1.5279147082193223,1.136623477891306,2.634733943680534,-1.6027798526634658,-0.07056555224241488,0.8161694650236211
heavy_brown_rice,1.9627206260395373,3.4188682209121115,-2.02804556897777,-0.6141836851267424,-0.04496788760466745,0.6589563436016268,0.7086986466557346,0.8893886116399625
heavy_brown_rice,5.298470260683164,6.108560818024851,3.429249020577727,-3.2182785329722647,-0.706824783114159,1.5219930971776099,-1.2883111007346653,1.4388418975615953
heavy_brown_rice,3.799695185783136,3.9950520712860365,-0.8434734824645693,-1.801911497500155,0.13815212374301222,1.0590518885997624,-0.7928551235353745,0.8213163440369338
heavy_brown_rice,5.088558129823125,3.7987326634974488,0.9636679769988828,0.9423580898379857,0.687493773277813,-0.6799111577253453,2.9469677512363446,-0.7624019047614369
heavy_brown_rice,1.9849772481414296,1.266108518954701,-2.8226657479240513,4.431214095099455,-1.7302956892999615,1.8204032539131627,-0.4522792601394424,1.2637451841477814
heavy_brown_rice,5.743072164502944,1.918744148066508,-0.4411876740515234,2.1328650771561817,-1.1542746225640044,0.8528030717126484,-1.384274035579123,0.4210735756464843
heavy_brown_rice,2.5591872500922763,0.03767064634822199,-3.494076256392217,1.0365818284698047,-1.6788064793828397,0.6772346661177057,-2.22386907854139,0.2801819872745874
heavy_brown_beans,0.5309403701057938,4.942578279295091,-1.5528500914336252,-3.8217321679998006,-0.5729673002570395,-0.44431330157148763,-0.8035545788087282,0.1845642102827691
heavy_brown_beans,-2.2002084661826236,3.113980879314631,-4.650052088024173,-0.7107730889219595,-5.597873669620384,0.5061207986125661,1.5866735696556218,-0.20785710050504813
heavy_brown_beans,4.593713519022198,4.37052702265592,3.0590628420197623,0.9728088062451533,2.0399054701381982,-0.7357906825111569,0.15403589299128398,0.8835280415012304
heavy_brown_beans,1.2047836813788768,3.0006512980343727,-2.8523260309384444,0.4029832261499859,0.7658331418472266,-0.3700465449458645,0.7050756415149303,0.37457675840249355
heavy_brown_beans,5.954933442343204,6.345206600475836,4.657561628535542,-4.351456392013473,-1.2042565118014115,2.112450975469368,-1.1330729237320567,1.749284195309164
heavy_brown_beans,1.3483997429667705,3.5534991888022778,-1.9993491441156441,-0.900008737070572,-0.3332774270969691,2.6092570792621856,-0.02756510857432388,1.7765235014962928
heavy_brown_beans,6.074684235697786,2.973298030991297,1.474929160003366,0.8428420092038729,0.450523840470891,0.13401990231795932,3.38416926225897,-0.5268780892290496
heavy_brown_beans,3.5806529254145545,1.0512703709161706,-2.0392729827067475,3.4946689153280577,-1.3403472786593251,1.0493454660597858,-0.8439864124146053,0.8399099343405201
heavy_brown_beans,5.291431938394043,1.9221801274992842,-0.17426652895786182,2.6311843046992522,-0.463915009411547,0.43339551590393066,-1.563012312181358,0.637326287687237
heavy_brown_beans,2.78894987757315,-0.5113898184964205,-1.6973826694118108,1.1044062922040974,-2.473954676950311,2.0409089600975707,-2.180956188818028,1.1884852352771171
heavy_brown_screws,3.69380304204276,5.69342267181451,-0.9217282666218038,-4.920537554615616,0.46156642715640905,-1.3609672096203562,-1.5668443654316309,-0.8051233949461798
heavy_brown_screws,-1.9619344071865574,3.685220674572444,-3.6697676764786804,-1.1927387210595215,-5.040140186548922,-0.07832883479143901,0.866594711314314,-0.09675155363609561
heavy_brown_screws,3.4084844311179943,4.662185241462337,0.33099017391500507,1.2535301609017466,3.107904236119806,-2.7028211331536633,0.16423354102661328,0.11831030874652171
heavy_brown_screws,0.44759837189284946,5.091849135672235,-4.569339742203397,-0.28666505182485713,1.913989069868745,-1.6815955651832537,0.7560654470294469,-0.18867071483898912
heavy_brown_screws,6.265846502689634,7.658683309615357,2.299071958381822,-3.944829750629423,0.4061440210834875,-0.589134192484895,-1.8615182212441954,-0.05615631234505977
heavy_brown_screws,4.0973325898951245,6.048890259310915,-3.475800635822221,-1.3119188852823283,2.8556174473718436,-1.9082869223553809,-0.7191079759458611,-0.8389915287050899
heavy_brown_screws,6.611297370722897,4.025021706869355,0.7038208976741638,0.4603399490445356,1.5425611487931385,-1.4719214643780567,2.4042304927609583,-1.365464186116271
heavy_brown_screws,3.9536565180573398,2.598971530530293,-4.082879083145642,3.300202639007118,0.9601351661104542,-2.1102090158144504,-1.6031435579557662,-0.7276068668275509
heavy_brown_screws,6.079467220975727,3.580164091956102,-1.5989207514711685,1.1679666900475025,0.9943658592262727,-2.261326702839626,-2.172460815077237,-0.9118985114610099
heavy_brown_screws,4.254782438496627,2.2426578712845298,-3.3567041111258282,0.8174742377226644,-0.2872752624101263,-2.019164681146503,-2.8552998962377054,-0.8158526742853911
heavy_green_glass,3.8067316719935773,6.757295155536507,2.041997193878937,-5.352661665018833,-1.044953406435384,0.3807051291277821,-0.6744557225570764,0.17464096464441445
heavy_green_glass,-2.634541202816727,2.8372881342341096,-3.130577589809268,-0.29133378160161466,-6.141262716290241,0.5533925914141918,1.915004083851943,0.06979524654233238
heavy_green_glass,2.1401584358640986,4.195589976912482,-0.296251477970107,1.6524750807889856,2.6937717983760905,-1.3976209474656611,0.35943470197470373,0.6615572350953836
heavy_green_glass,1.3777665254017868,2.9606033140100108,-2.614981825331588,-0.3558624641026302,-0.0651952180613792,0.7113780976473952,1.540273493788038,0.785285271782788
heavy_green_glass,4.424989056815943,5.600971062519599,1.1116293286944932,-3.524604890846836,-0.9962746266716365,0.5890979602404812,-1.2388127483465432,0.4226968687516581
heavy_green_glass,3.263487098625538,5.841273402624909,-1.0874410805897212,-1.8939755469524113,0.4377480212362219,0.46461468105300135,-0.20324563484293062,0.29668242730977756
heavy_green_glass,7.20299306569249,3.485504149238127,2.8902860850041217,-0.07757927410126506,-0.16624512199572966,0.36822744429333143,2.644197223379964,-0.20279508561732168
heavy_green_glass,5.043809653093826,2.0262784736089046,-2.146575522138996,2.426239162556798,-0.5230112360865233,0.38365701141521025,-1.7160072942672382,0.1615417174752003
heavy_green_glass,5.155415953565452,1.9722908875140799,-0.6045903147575175,2.386883169893624,-0.8343912519613067,0.2242512733994221,-1.0463305539070635,0.08420994056971079
heavy_green_glass,3.4993169517425224,1.2488728920774306,-2.3711656021479084,1.220243723313632,-1.2097348841167506,-0.707601692278353,-2.199870777927599,-0.45758302440718734
heavy_green_rice,0.6170415157447293,5.558831981280647,-2.0330447249753343,-3.8586888418759755,-0.6364239368957865,-0.12500084355313834,-0.4776863490842309,-0.07038989627365207
heavy_green_rice,0.35792455505462806,3.9268601822950124,-1.2429425082003884,-1.5925093736129259,-5.925617621013489,0.5977920357978838,0.7295068688240811,-0.1587870134447148
heavy_green_rice,2.189240764510152,3.5389193850516096,-0.3566534154907199,2.4677162555173364,1.4737601648416456,-1.0805921089552872,0.292070114594004,0.9798510415908144
heavy_green_rice,1.4384168869009388,3.3879080998333038,-1.2642058708405328,0.5080642636468375,1.0584014453652655,-0.11279838076264546,1.1882471929250493,0.7365728241890445
heavy_green_rice,4.4929995181859415,4.356699906271479,1.1851208308653824,-2.541243856043152,-0.795665092380495,2.1778325000161356,-1.0792274296687563,1.6147336104539554
heavy_green_rice,1.3118758296865198,3.3642588193774974,-4.076376053007162,0.492696034305236,0.559946887158199,0.30030926083733733,-0.4111633317832202,0.6420900331377535
heavy_green_rice,7.89296284799291,3.4874502122974835,4.121012387054445,0.5403177356607959,0.7118559069159577,-0.3676816124735149,2.6745713981850767,-0.5341494613898474
heavy_green_rice,4.251241323423028,1.457636265290017,-2.5374927108345178,2.314307605271368,-1.2975866189343295,1.2725500066264552,-0.6576907427678481,0.5092437075700693
heavy_green_rice,5.885493293738644,2.787251833014972,-1.0565517806919023,1.9259178841465552,0.055000075548165134,-0.8190188090795444,-1.888569335865035,-0.43020623962724336
heavy_green_rice,3.315123685305982,0.2589202922897005,-1.7619681087890862,0.9028387301509007,-2.1566284199116996,1.0648158403165415,-1.8102146366634349,0.12015771308077572
heavy_green_beans,0.35474230054012057,3.3267419312209423,-2.4149416481505397,-2.933658566143061,-0.6834282958959209,0.21206978826733933,-0.6291993453342939,0.306667900838104
heavy_green_beans,-49.84532770088444,34.91326143098098,8.756185994295503,6.36779210166964,4.928558376492586,12.06105803720336,-3.9822433483530455,-12.187585074599427
heavy_green_beans,3.960745934879608,4.0771594205655495,3.276399781692245,1.0744608791223327,1.1455475528658676,-0.38008128039780154,0.5329233015876647,1.1597439953292077
heavy_green_beans,1.0590117573731888,2.7365376342945456,-1.8437842797446644,0.5438392829503981,0.839919028378337,1.0014741014313242,1.0506290219735015,1.263878746289068
heavy_green_beans,5.638347534467838,4.448904487408269,2.343643955123498,-3.8042509268580433,-0.9347363210396321,2.2941459241646402,-1.3165538853066154,1.4421667865196965
heavy_green_beans,0.4469304415422504,3.4209570447169995,-3.9903170305277,-0.871165695756268,-0.4545252102284947,1.7693858667507198,-0.5243832161429148,1.358720747805741
heavy_green_beans,4.993121368361563,2.2336689471188937,0.23829398098807553,1.37276425838298,0.036709909940001215,0.3725209973822925,3.458117082279083,-0.37147120238697195
heavy_green_beans,3.3515375348115217,0.3293333088547712,-2.184872688515511,2.712636746996363,-1.488198435119397,2.23160569838892,-1.1408795076690024,1.3481118738619469
heavy_green_beans,5.592404828103003,2.2187027590815878,-0.755073246506421,1.354622194074787,-0.23618788588525114,-0.042359357967438144,-1.7867391736013065,0.08791702376051296
heavy_green_beans,2.844726753003743,1.021994543136105,-1.8423651896077102,1.0488565645638785,-1.9533158760535894,1.5124979772295388,-2.229240252851379,0.7085576333920902
heavy_green_screws,1.5556403359262116,5.198784975167105,-3.735572798590849,-3.2189949377515603,1.1492761937888485,-2.892499350437029,-1.7658087238504028,-1.1798700064137866
heavy_green_screws,4.17198057964973,6.211257260621997,7.4993098587301406,-5.392771928987976,-6.2572453987828505,-2.440716885389104,-0.950601363504772,-0.7985528935804893
heavy_green_screws,2.3413816824180578,5.129142925032827,-1.1179962004942419,2.067859118738177,2.5798690886373037,-2.455183738918986,0.6429192282923024,0.47872360603753605
heavy_green_screws,4.3765675033536535,5.524437266303199,-2.0114474672422413,-1.4116716887678271,2.934633643673226,-2.8859466092029225,-0.6900196962396682,-0.8229375675224597
heavy_green_screws,6.574921729979517,6.014843081253277,0.7365305005033004,-3.5951793201529627,0.8552213270379923,-0.8982043833904574,-1.9458075868406575,-0.12031478893384005
heavy_green_screws,2.6288073964641474,4.730363873743779,-3.5919207190408136,-1.22439664278391,1.6447624159075982,-0.8073817794072876,-0.5252358619788886,0.1485304363702255
heavy_green_screws,4.51681626506723,2.627499951370578,-2.1197054769031602,1.650510595685937,1.2296957153094654,-0.9239887836462413,3.0721457647019648,-1.3095959028317816
heavy_green_screws,4.104333186009568,2.5722781317668333,-3.5090960273902154,3.073564615461445,0.6375707667149508,-1.685193233542734,-1.7549338375545032,-0.574590715374632
heavy_green_screws,7.486154258960004,4.634026196701179,-0.9963357238275504,0.5824376414312415,1.8380653624878294,-2.6110522827387252,-1.9682725354819137,-1.2638285426576588
heavy_green_screws,4.193928487002421,1.9627538693262396,-2.701428653328037,0.9652934509700208,0.33119802152823585,-2.82277411091421,-3.01530584081903,-1.5636917472678031
heavy_blue_glass,0.2919071769799352,4.494455566272536,-1.4185179880472325,-2.8717164187076167,-1.1451677262999702,-0.09939862004184974,-0.38212133369527923,0.1495439065381504
heavy_blue_glass,0.17723642794862005,4.467028251165583,-0.047313467929613384,-1.3670725371306518,-5.435211357183,0.56924751074595,1.2402493696326002,0.2060165191295542
heavy_blue_glass,4.086578929172252,4.488356409751102,1.882016742246826,0.9255518817812401,2.333223328276525,-1.7944178935979989,-0.05945554672352943,0.5239238701819571
heavy_blue_glass,2.2931046939024498,4.208172815905174,-1.2825954417727936,-0.5998751919796138,1.5453335972956406,-0.8470311371996695,0.4067168059129127,0.29945166895967984
heavy_blue_glass,-1.2044461978561374,3.6145126348623133,-4.880631857870953,0.8802450436628009,0.9589763141476084,0.07277407441992614,0.7144731651930795,0.859835224742939
heavy_blue_glass,1.2880326420596302,4.81344716394668,-2.4389234362483414,-0.7119396369053621,0.35380691380269436,0.30939947806682494,0.1914391930284441,0.5206512720208232
heavy_blue_glass,6.646885352720023,3.297009516840462,2.324365459827139,-0.49580307306167126,0.947415151635877,-0.5905903921858553,2.439644020857167,-1.040014238934589
heavy_blue_glass,2.9631331031866193,1.8721984277395172,-1.0174237368161245,4.830619388291178,0.4122323687769708,-1.4062702875548883,-0.6208453363105039,0.3446187513553042
heavy_blue_glass,5.040425424991206,2.2254239972992282,0.6441015978103339,3.51320282937471,-0.42063556726218804,-0.5750212721206273,-0.7934372838078221,0.3662848863329187
heavy_blue_glass,4.0454374231340084,0.9192434252202113,-2.0110030678221498,0.37527638948905245,-1.7633716131158383,-0.7030748508673319,-2.7879317185162833,-0.5366502925520594
heavy_blue_rice,0.15915797349973518,4.521572774188404,-2.3229283279365975,-3.1249299631958682,-0.9411128761112971,0.17469264707262463,-0.9446503772947962,0.2789391630945217
heavy_blue_rice,0.17958197245518223,4.5314603979874395,-1.2082609643681137,-1.8271081477905198,-5.173792594464891,-0.37635826957910123,0.5809995119414841,-0.3493988350860847
heavy_blue_rice,4.269275492912792,4.136769073916648,2.133871535741955,1.01467992082066,1.547727868538781,-0.6234277879414301,0.09216083147352527,0.9909707370874877
heavy_blue_rice,2.1048402792719303,2.976159579964554,0.3769246467444421,-0.8975259942168755,1.1123812053334052,1.2165617661544554,-0.25452390940737674,1.8156492582006565
heavy_blue_rice,2.332872400841114,2.9379632335270682,-2.1331081498079985,-0.24828534466010557,-0.673542367766311,1.472653974808294,0.0310832670938124,0.9750969468407048
heavy_blue_rice,0.7958591248636578,3.2382722927992766,-4.408054185323698,-0.09439107392125926,0.2725964286441682,0.7595336041299523,-0.017182007763538718,0.7159764202280852
heavy_blue_rice,6.937192714584047,3.382813489740786,2.4635490762770713,0.5292735669374525,0.8438297663572129,-0.4422363835171033,2.77274851934866,-0.7195078107362436
heavy_blue_rice,3.1047821324845564,1.1917594009605095,-1.2226007348081507,4.5862962230504865,-0.7346033544222245,0.3348138098799419,-0.523713436774188,0.7487820368173328
heavy_blue_rice,6.049220577848967,2.9883040009514734,-0.4177316980587657,2.0574394577933495,0.15131364265022237,-0.531989567646097,-1.166087134265943,-0.13451187845581525
heavy_blue_rice,3.4080426545862843,-0.08544500959543921,-1.801763982019077,0.976808195346036,-1.9730240027782968,1.3909915749435398,-1.89579065691373,0.5591622319390392
heavy_blue_beans,0.47043231686222753,3.624019823098462,-2.340624453258125,-3.5558625354336577,-1.5292387225784898,1.4596202451583993,-1.1600139284185222,0.712565619227317
heavy_blue_beans,-0.6878725131854372,3.8324435311278946,-2.3866486551894,-1.7144895674723473,-5.626276655041933,0.2664119991478162,1.0061229817360944,-0.0916900380175645
heavy_blue_beans,4.146251353154194,4.5195809096343025,2.3944690806932294,1.4718461202138167,1.7470515202776606,-0.9883614260331006,0.240762598599991,1.0145795406895437
heavy_blue_beans,4.49780897818521,4.729976777914223,0.4294440179359748,-1.6336358833170448,0.8606576123685359,-0.01675969437726907,0.28915351363523745,0.18464597263064902
heavy_blue_beans,3.683548254415741,4.50683522712811,-0.1654717891656516,-1.9301905845097607,-0.5066321405798314,1.372322656781118,-0.7876090450952982,0.9435044015113542
heavy_blue_beans,0.4189569624680118,4.331228332315612,-4.525107359914389,-0.7360992677428577,0.7763106160564958,0.5132424912440068,0.4380901848379919,0.6540435128293673
heavy_blue_beans,6.538469464222799,4.39216764147395,2.535534179673664,-0.12807728452525927,1.071155265515636,-0.6423548885983587,2.5674639031790503,-0.7968250129585994
heavy_blue_beans,4.103510442417718,0.8655492146182361,-0.673668571661599,4.177433874224884,-0.9495917077756235,1.0714866889963643,-0.968683149706805,0.9462215944662298
heavy_blue_beans,5.285170696694897,1.981087065953036,-0.3638040766870035,2.8549797154328624,-0.6115362195553201,0.8377578091647357,-0.8596786874413321,0.66738479353347
heavy_blue_beans,3.886353999495018,0.32802388351202405,-1.0489374768641668,0.5170088391714174,-1.991566812822021,1.5737992727463708,-2.076205448400494,0.7311019273288257
heavy_blue_screws,1.339649683772211,4.444390607022733,-4.061000562071735,-3.073109156166482,0.8156921193250131,-2.2257420085368897,-1.6311167826085877,-1.1892743197345053
heavy_blue_screws,-0.7086377389773276,3.795720040755989,-3.0767679323698194,-1.3804882775146912,-5.571697976280792,0.3078398896320043,1.479865844117192,-0.26585464500261463
heavy_blue_screws,3.201030620448063,5.242484042073823,0.30212668499386186,0.9140484074544258,3.5692417925386737,-2.770533923389221,0.04121681521713155,0.18054135509475072
heavy_blue_screws,4.38342286423692,5.819922551943475,-0.3566383210431813,-0.8411666315459827,2.825674266815257,-2.875914413857929,0.15427288295283806,-0.8141568674695745
heavy_blue_screws,4.490462537933671,5.755152644565755,-2.052889627486462,-2.1087122645891467,1.9536655976785533,-1.5790631792084904,-0.551270075336177,-0.5913272881823814
heavy_blue_screws,2.4355035347391074,4.704486377719389,-4.079849289337519,-0.8289200675863428,1.7139818958481583,-1.7674732588290585,-0.5254876618001162,-0.4403915040457442
heavy_blue_screws,5.280843995901706,3.633093876166612,-0.5704426949720612,0.6200404565369624,1.576433255948588,-0.9595320003833991,2.8168446984705375,-0.8630564112224228
heavy_blue_screws,3.3116218294170072,5.293133356418727,7.424029961718874,-1.2813686466262317,-5.129408597507925,-4.14980729645855,-1.5793544473918628,-0.38894584241826147
heavy_blue_screws,3.9216327186813347,2.4555339584147626,-3.4470066414165323,3.3729398363148406,0.712165185830323,-1.9161143414046857,-1.126385995458186,-0.7492212295923898
heavy_blue_screws,6.959518360295594,3.2107489478213065,1.1583300777740575,-0.2017666750019592,0.4016494092181858,-2.283709271662333,-2.924591543892861,-1.194200419713071
