light_brown_glass,3.1422626054408624,-4.069142656493712,-6.124125131034923,0.075718762068126,-0.699444861376973,1.687736477225528,1.948827530068814
light_brown_glass,1.030920145932382,-7.564484931852549,-0.010056891553763478,3.585428823745408,0.9992510824322707,-0.20745614725189046,1.3876258255606977
light_brown_glass,0.48765999640841723,5.008976575607044,-3.28409971902195,0.10839420857217857,0.06270621979757807,-0.18129183179457836,0.27521126217391595
light_brown_glass,0.9286166810833106,5.314778727177907,-2.0823161584520413,1.3277321332289622,0.9042866442797218,-0.6349000948254221,2.364775296454583
light_brown_glass,1.5746642049258126,-0.546351644681817,-2.359190848833731,-0.5333905893525541,-0.01359405464748743,1.3210118125062897,0.5169189318547246
light_brown_glass,1.7128730738709659,-0.387477578722697,-3.083042260590335,-0.7782765549534084,0.19790963699570735,1.1626088286262886,0.25287185225499315
light_brown_glass,0.9627425666980584,0.20034227537406418,2.6274889162144026,-1.1186447584635124,-0.5748950943304281,1.056489222313038,0.3339814689748923
light_brown_glass,0.3156429255971601,0.20037775695280202,2.5482408209251353,-0.6669039319278504,-1.0654314776594236,1.0185593520496208,0.8323604827802527
light_brown_glass,0.6976252734281227,0.4786819634809103,2.7763878443230494,-1.3782813714978284,-0.4638785790460902,1.189879617790562,-1.205156354715781
light_brown_glass,1.0645013441742166,-0.7491100300508828,4.212376507331401,0.09397832358313157,-0.3431909049630867,0.5883401242936486,1.1290254978542724
light_brown_rice,3.3834158827347127,-4.214173281941988,-5.74094485223746,-0.2623810389203022,-0.8379341943724852,1.7569990491689702,1.8101512626694483
light_brown_rice,1.083579537572649,-7.323425200835495,0.5102330533438999,3.7729192702384715,1.4214510899162323,-0.19860071898555332,1.1126555861925067
light_brown_rice,0.3789143359276957,5.189573605097595,-3.200767479618227,0.18841810431879066,0.22118948286101922,-0.21019630031874578,0.1365130491140968
light_brown_rice,0.8741414840021412,5.301422923428822,-2.323937337384202,1.389728822165217,0.892559050725299,-0.7380722117399297,2.428396939484544
light_brown_rice,1.5230239462495236,-0.5284988453683289,-2.4762522854807996,-0.5824297857921813,0.1309174310507763,1.4775108593974209,0.41240863026628455
light_brown_rice,1.676879458462659,-0.29169529337614203,-3.1261259328311035,-0.8836596234145022,0.15215827750066058,1.2033591764143579,0.2100259835604798
light_brown_rice,1.16008383853763,0.2847173209865759,2.77475979066305,-0.8715804525317865,-0.5207308138230394,1.081020650709474,0.8914258767226216
light_brown_rice,0.6299809307571733,0.36133370911994006,2.545677299791,-0.7370981014825696,-0.9015041225304217,0.8064173979435177,0.5885918130596186
light_brown_rice,0.590153010616509,0.5653707152427289,2.5460555357556793,-1.3675735521674914,-0.14735732882060637,1.2640949080494857,-1.1737522650650145
light_brown_rice,1.0551181070473503,-0.7328486781116703,4.2706773652349455,0.14333775960280576,-0.26312200245243283,0.3524852281618754,0.8437724926598564
light_brown_beans,3.5971472042787878,-4.365198346029417,-5.712077049826441,-0.2947957917168823,-0.6592873902955,1.6843712388234748,1.9184537242512518
light_brown_beans,0.9656486380700557,-7.371073346673839,0.5200206401558333,3.7652636939640334,1.3362551772024638,0.015946237298469515,0.9670076475866644
light_brown_beans,0.5614823715090185,5.203678273272426,-3.0385006910620107,0.29846927188186406,0.2886184509701785,-0.26691997944548507,0.178583960856956
light_brown_beans,0.8791080675251792,5.423170387870247,-1.8666366952042661,1.4894850052504855,0.9410415694071429,-0.9334195396764773,2.6059043922690606
light_brown_beans,1.5637820378595761,-0.4609891631635482,-2.26495008089301,-0.5537476290388226,0.17230652524781936,1.4460490303601592,0.18357421432420132
light_brown_beans,1.5454248359645975,-0.27288994084511253,-2.517480409903633,-0.788801081546596,0.2199556119260464,1.2379686699117936,0.003056257105693923
light_brown_beans,1.12457650764036,0.33664650070858004,2.949472249785783,-0.9838902867807293,-0.49103624037272287,1.3754253575519946,0.8414270235119918
light_brown_beans,0.6291706211427526,0.36183156433373465,2.7019682792563295,-0.710872204584869,-0.7334862338093578,1.0956473348006894,0.7286635550115614
light_brown_beans,0.4764925899231542,0.48789087787687,2.7526090450235845,-1.3125801770210908,-0.7915813037487954,1.4021843561949092,-1.0960253674269522
light_brown_beans,1.1059267709088083,-0.6951492553525433,4.056076871219817,0.11716860090543285,-0.3256843772742148,0.24487201184421872,1.0675037669716867
light_brown_screws,3.130822321237197,-3.967944157865479,-5.5283070435353485,0.15945700464585677,-0.5439885758021602,1.593779094681345,1.63715209120597
light_brown_screws,0.9873433815982343,-7.351571225446854,0.20123773009785523,3.738686866475568,1.4205928999455768,-0.006689238219102257,1.020697260948224
light_brown_screws,0.7299364998003739,5.311799177627627,-2.5787141183937545,0.678774428943075,0.2908228120449649,0.06358302567305266,0.8024309245419788
light_brown_screws,0.8958539122265272,5.531365547695569,-2.1420281654763804,1.3198022886668717,0.7037397215360209,-0.6372180576304747,2.38387143320386
light_brown_screws,1.6854168767774644,-0.3754972610418192,-2.35954931905282,-0.605896016442264,0.19093510610974956,1.5708166534515458,0.20259043500640847
light_brown_screws,1.5292102090647328,-0.3298110022842349,-2.8479954621615358,-0.9454715978441912,0.17811690927110807,1.3337422909928551,-0.04207853662538805
light_brown_screws,1.1658958417810203,0.31060893812925283,3.021570570079542,-0.9827393264161604,-0.5073758629344283,1.0887392204817516,0.5111236935082734
light_brown_screws,0.7649206627203237,0.32460589094664094,3.0425541626951635,-0.6515931328775407,-0.8295624132485053,0.9604260279947139,0.6074485278234371
light_brown_screws,0.5370505996586921,0.6022295965953502,2.911364226059946,-1.2412235739170132,-0.4158689522827405,1.65474895275803,-1.073590468114769
light_brown_screws,1.1470308308701356,-0.6908853725222164,4.4525870109897046,0.2984106657439397,-0.18816921265838893,0.2918701689570418,1.0702713431667836
light_green_glass,2.9876124107805477,-3.900264845375464,-5.537362618091441,-0.016334190305296793,-0.6521674558541776,1.4083658297124213,1.1360190227750742
light_green_glass,0.9993852210181945,-7.497891162300628,0.2579968783918065,3.4480352379925745,1.270705951305215,-0.3169991686804299,0.4987252483256271
light_green_glass,0.6846635860509254,5.302842561303147,-2.6728184585655743,0.4774627746804456,0.4472224156996359,-0.17371418296823668,0.2698193686278182
light_green_glass,0.7465174961277349,5.599707081035073,-2.1641813854741816,1.4113393881413678,0.9829361171544558,-0.7989025508119041,2.4104470313903024
light_green_glass,1.6329429791010033,-0.28136673387611943,-2.29690886021146,-0.7429123719914131,0.13669036351411407,1.2938517153148992,-0.03748157007409568
light_green_glass,1.4451877801804744,-0.17254654254920979,-2.612376220655276,-0.8719914960869924,0.32252499198398366,1.1914440182871477,-0.24557709072754655
light_green_glass,0.9210102345978949,0.3658276418519549,3.1829645655769383,-1.1027669175309551,-0.5345338564023703,0.901420403358456,0.46675942481863203
light_green_glass,0.7831494089585673,0.22917511933658236,2.9600894460186655,-0.5227864146427286,-0.829516709741939,0.8532387680578284,0.7938044302701075
light_green_glass,0.4132304064483546,0.4851265343091901,2.89287044592004,-1.329529499656819,-0.204300963886389,1.4318277710403864,-1.1826017250807808
light_green_glass,0.9027292694131311,-0.6787349681948391,4.389859083638139,0.19275267724677111,-0.3110805764093139,0.23553441136888098,1.0217795604547
light_green_rice,3.11784871679492,-4.001991130088059,-5.562126559411163,-0.044086151556515296,-0.6658238718161099,1.4098496280444166,1.3491782766286513
light_green_rice,0.8312106515758086,-7.360751601728045,0.3964906538427337,3.7067682816144543,1.2530835259351911,-0.2866634197260769,0.5268310672658236
light_green_rice,0.526413238936512,5.36060045585173,-3.046253899090013,0.4312357933390731,0.3346402439217101,-0.36849067446204675,0.36580826909802877
light_green_rice,0.6311814685764812,5.693771305697664,-2.082367710910106,1.220670042920565,0.9953844690234465,-1.0260383911197348,1.785977512901563
light_green_rice,1.5745843636359815,-0.1805870846895456,-2.4438898062688246,-0.8895784944793416,0.05610462712143326,1.788957431372143,-0.2971466934907418
light_green_rice,1.4142396800240198,-0.10281543074852144,-2.571764449737932,-0.8011104475992508,0.385910548313121,1.244951505921233,-0.268316283971073
light_green_rice,1.1258308855774564,0.3210302535190863,3.1902806304402187,-1.088042446821371,-0.4891391501270869,0.9192340229082668,0.23777070961669028
light_green_rice,0.6952608887139069,0.4448322559604435,3.011389419672757,-0.595100648067496,-1.0482629208201353,0.8554078209734378,0.5276915032098818
light_green_rice,0.6955625033406795,0.457667536765245,3.03143937743855,-1.025903116192683,-0.008630122631733173,1.308091323434402,-0.7258473479034799
light_green_rice,0.9110599895248732,-0.6923192037960681,4.090397121135377,0.0018691438182708887,-0.264943116763594,0.46630351124895597,0.6094800742820422
light_green_beans,3.0802246110035676,-4.069365842127149,-5.723758328287878,-0.3277444096108082,-0.7141751230772095,1.5055815471326275,1.0601203865697584
light_green_beans,0.8770263190564481,-7.432683819366564,0.2372045735455202,3.494564040772284,1.3499280852706188,-0.3255863428880301,0.7320839067103392
light_green_beans,0.438163358486104,5.419638199615776,-3.053872485675814,0.3691359659788657,0.6847253248322114,-0.5148719870671918,0.0922258927429436
light_green_beans,0.7658221034206122,5.584955744239828,-2.0964768334496053,1.4032734642805884,0.7582574059207441,-1.0544013622078439,2.4568980849346547
light_green_beans,1.4884185540615422,-0.12477674533306103,-2.3310922219551484,-0.9982650303624132,0.08285408939138528,1.8812055275919115,-0.647858386631078
light_green_beans,1.3264373536671183,-0.09543788767310205,-2.733802503496662,-0.7436905204020122,0.4294012324450162,1.023407673369358,-0.374548376441834
light_green_beans,1.0837307613213625,0.34697964918793345,2.8687710297716107,-1.2370918112757976,-0.6551182928894713,1.1921736486666896,0.1266077726403311
light_green_beans,0.7346636579104376,0.34341500537907943,2.7415778958235437,-0.5552031947325905,-1.1876180505768754,0.8055408068135628,0.792842355097554
light_green_beans,0.7412578128106362,0.4492287061382533,3.4146199667445662,-0.7640701485874101,-0.17953033167283455,1.0181734476203208,-0.2772005174846626
light_green_beans,0.8496060659285226,-0.7532037886460027,4.101438357507027,0.03784448331445839,-0.3157242703462217,0.39332406692873384,0.8022195646246705
light_green_screws,3.1304961687522592,-4.04639528022967,-5.525141896253266,-0.25037061271647254,-0.7096216766012192,1.3423781172904259,1.11824878402653
light_green_screws,0.7529566709533072,-7.282180509773211,0.2825818434572989,3.5097246657663206,1.4039896844287718,-0.3257027950197695,0.46170921259739456
light_green_screws,0.5400818246981869,5.326143909359192,-2.8681127092056116,0.3471047077785634,0.6122820157108083,-0.5962858061197651,0.1826216841433917
light_green_screws,0.5969081398592733,5.693967656288483,-2.2110431306006406,1.2912787752425283,0.7520612222157437,-1.23131892111168,1.9240408923261767
light_green_screws,1.3876201305274354,-0.28586792770574576,-2.530889819243344,-0.7369847400327305,0.07383454641173917,1.563607318747029,-0.09968774914831337
light_green_screws,1.2932748359118718,0.09931065461265867,-2.6574432972092965,-0.9574354498091308,0.47948834682880165,1.2876121568245715,-0.7730460393321874
light_green_screws,1.1089285303694398,0.3429462051271532,3.0359679661903556,-1.2959260557100354,-0.7118984970875711,0.8833270078292241,-0.038497613316858074
light_green_screws,0.9273811133974931,0.388696814785437,2.922795443693303,-0.6547792529459565,-0.5264149624529636,0.6560121514484539,0.4968511158802461
light_green_screws,0.5909540787843726,0.3668649977778859,3.4186829158251784,-0.6849955750951555,-0.3000623115050042,1.0947485094446783,0.025787611150781667
light_green_screws,0.9556558213920822,-0.826517056175559,4.129604581764334,0.15013515108086278,-0.2818750672978803,0.26322419418683163,1.2257271243922339
light_blue_glass,1.3951272982666645,-5.514492432088123,-7.276425994858546,-0.5460435707531952,-6.858196246989508,-1.6433476461259902,1.969344142180368
light_blue_glass,-1.2470243848401275,-9.282276782393414,-2.3825687883061173,1.4334599608040492,-6.562997203929719,-3.6116295053621656,0.17627241547728553
light_blue_glass,-1.2089153231402403,3.897839960182271,-3.7536203156196373,0.6883199947758483,-6.109421160326457,-3.904020063287464,0.41015579669693303
light_blue_glass,-1.2817861240120896,4.330106417518729,-5.104636834466843,0.37041017790682224,-5.781373718567365,-2.7889409322898473,0.2852091738386232
light_blue_glass,-0.4143295053194512,-1.7436492664899095,-4.58285508183279,-0.9536404540316883,-6.882505860122032,-2.4276010134105026,0.43145885608668855
light_blue_glass,-0.5497533428392265,-1.463599111845875,-4.693833215290617,-1.1460905671202912,-6.950908856751178,-2.5989928464252445,0.08838131195889473
light_blue_glass,-36.97099504418681,8.377403656683759,-0.29286159294177416,8.638554756535079,-10.846267378469424,1.7377246279280518,-1.237951914960352
light_blue_glass,-1.245308301439526,-0.15239347006765122,0.42498643487871623,-1.2387975737464672,-6.504581070671313,-0.969093767746634,-0.34108806960542126
light_blue_glass,-1.3883548407863826,-0.24226116815385057,1.4642832426865722,-0.9553222259517404,-6.4250767363842645,-2.271706876747341,-0.5358662659425326
light_blue_glass,-1.6548393502352519,-1.4308677038251976,1.369406684653039,-1.6580482977570348,-6.224532849337091,-1.6951507891745603,-1.2225947104524266
light_blue_rice,3.024372585168284,-4.210063573235837,-5.938950053086797,0.04547181541636816,-0.8457081682733962,1.6577566332757174,1.7856893660249686
light_blue_rice,0.64937014596993,-7.847280859099302,-0.6514378588674112,3.2538500144175773,0.5099037950061723,-0.6814108151817982,1.8977603336671376
light_blue_rice,0.45095185957648787,4.731740816457443,-2.873018315953048,0.5607872617773998,0.2365287166721843,-1.1423929544243552,1.0589120765032387
light_blue_rice,0.7931841168812102,5.033599788347527,-2.8043982299812047,1.041087401698964,0.48632719662036855,-0.4557035553100338,2.509020047993343
light_blue_rice,1.9046168322786627,-0.7954703069690795,-2.8342758400709887,-0.5343827698101432,-0.4941531449135434,1.2318335732663577,1.2759125916289398
light_blue_rice,1.923634389659654,-0.8134203043064752,-3.444169135139983,-1.1121872296711888,-0.7554929358395465,1.3991986064092468,0.5430496973977185
light_blue_rice,-37.421842979473986,7.263160256703487,0.6138553025306727,9.074130668196785,0.38877019392203027,4.809312648983941,-0.6203891826466353
light_blue_rice,0.5803704786027482,0.29083772609438807,2.797021664026275,-0.5438289838481801,-0.888491624532345,1.455206719821273,1.261634683437551
light_blue_rice,0.5850912331295613,0.43476516072426896,3.1291931901870935,-1.1293788785232022,-0.2788292786451153,1.2294148237301166,-0.30400393154239197
light_blue_rice,0.7785599383600131,-0.767168339545498,3.410188491349857,-0.5016193586871566,-0.8051076782571495,0.7291208962310058,0.6278335092004887
light_blue_beans,3.1483840533700906,-4.052401495160668,-5.862113659612566,0.04325342029771423,-0.7767102934002762,1.850964007811559,1.7617365985982398
light_blue_beans,0.8969310892366963,-7.775013626873462,-0.4620868560542023,3.247876656783754,0.43662265992999916,-0.47580224196319515,1.818874919298367
light_blue_beans,0.48425169763611153,4.783283153204822,-2.9336565536337624,0.3468118228950289,0.2457301077713726,-0.7411630004901297,0.306859295798199
light_blue_beans,0.9345700430041037,5.096219608274949,-2.852666984872165,1.1834207143802922,0.5594742557374044,-0.41625524679518866,2.742246186286783
light_blue_beans,1.8694428282213411,-0.5968233510940258,-2.6251291723763175,-0.27421326746622643,0.047521302361125464,1.332604459227967,1.018425410595035
light_blue_beans,1.752376590057509,-0.651386763439295,-3.122491646413139,-0.859253446530147,-0.37949656588535957,1.381504378697641,0.7220083017506315
light_blue_beans,-37.6911387052732,8.051421466481383,1.122308902428057,9.912157392235406,-0.1493852105441849,4.083266238988282,-1.2329288498759896
light_blue_beans,0.8440799642433895,0.09767912359008901,2.7400389231817726,-0.5938944414366476,-0.5177584798735676,1.2820586815016737,1.4341867886124635
light_blue_beans,0.7360919302062005,0.4868802560821199,2.79891410814756,-1.249001925067181,-0.0764348679985107,1.527200543138737,-0.6486938836739239
light_blue_beans,1.099715196435891,-0.7880447257175623,3.799901225311177,-0.19947232348503896,-0.3598136700355733,0.899975299762531,0.8878339756749344
light_blue_screws,3.212741423848551,-3.9918548999314627,-5.744290837427469,0.18975659079902335,-0.6463816785248344,1.6002650815862007,1.935739086315242
light_blue_screws,0.8704153614803446,-7.626800586856146,-0.22894890657100175,3.429274249808766,1.0191491720947223,-0.2565455941139554,1.6707691442990509
light_blue_screws,0.4289709768939737,4.866788662018221,-3.409950656350402,0.10799307513002715,0.0219880872109358,-0.7187825624138781,0.006316979422144447
light_blue_screws,1.0429460104034014,5.189023480598206,-2.227607965501776,1.3573296230740826,0.7880704515055593,-0.49637316744229343,2.6109609356841244
light_blue_screws,1.7440556368665348,-0.6325339310136701,-2.5093736719190587,-0.4001640938047373,0.12317146603978488,1.2121696161446858,0.7256146001373339
light_blue_screws,1.7249331426057477,-0.5141904528809488,-3.1519947831620216,-0.93758138521241,0.03404685293897511,1.333207588504682,0.24763280102812163
light_blue_screws,-37.69197217102135,7.176708943925691,1.3639040049101223,9.427330450744606,-0.03364370714504045,4.88688087714268,-1.2587445527407677
light_blue_screws,0.6239510889086217,0.24147886648449857,2.7437285477470397,-0.8919785141243004,-0.5533931431038766,1.2124238529479798,0.9527173315292049
light_blue_screws,0.5667836189096321,0.49467507917362114,2.7957923801505276,-1.2614475794767654,-0.07163332587925932,1.1976278008787873,-0.9682788770857541
light_blue_screws,0.7742295343898989,-0.6146425031651251,4.007106391039679,-0.12275841103564404,-0.30926373169244403,0.7551459744683024,0.8978758497667422
medium_brown_glass,2.693454096470506,-3.685325310385736,-5.411707983607322,-0.30510897195946457,-0.7096848344875604,1.0392104888110871,0.18308230600435305
medium_brown_glass,-1.8607890028164706,-9.112926553567053,-1.5100958187486542,1.4565321441429844,-6.017452997375189,-5.835028115927394,-2.6131438177304798
medium_brown_glass,0.2624321490502248,5.730142695450441,-2.9149843453231026,0.3383970302961636,0.6880669290046039,-0.6265378933823708,-0.30901794736461624
medium_brown_glass,0.2890600326191657,5.914760021154115,-2.2290825103296203,0.7057513522224311,0.9270336805703837,-1.0766221553299071,0.6119528045042064
medium_brown_glass,1.5162920502219355,-0.0813181523673021,-1.9276459975619027,-0.8852186820813865,0.2701595226437669,0.8401592018136244,-0.49244183160984856
medium_brown_glass,1.4116807818156982,-0.08850436748873772,-2.380521345869559,-0.7585172835144982,0.24301260609968214,0.6810607319284528,-0.8280067517191654
medium_brown_glass,1.003111933726589,0.44468937606417935,2.3319361954152087,-0.8305311490630927,-1.315232804987669,0.44939819614890125,-0.13744790230435636
medium_brown_glass,0.8356999225392817,0.2846887370303043,3.2577963019669167,-0.7236732794206785,-0.6172104535052546,0.7293032701329099,0.006236211644074258
medium_brown_glass,0.5537100679261928,0.501361386770144,3.972404372495822,-0.17920177633511206,0.12309255805234333,0.13377498542650473,0.5969860753035732
medium_brown_glass,0.7519837981466329,-0.6099926019982507,4.032653984325028,-0.2889325905104882,-0.44338965944283887,0.16619279263214923,0.2255112484087806
medium_brown_rice,2.6202129896487154,-3.682634234035745,-5.473179478095914,-0.4822148388441351,-0.7416319148156587,1.2387269206610818,-0.20527610440573402
medium_brown_rice,0.6612028563713783,-7.522239557379146,0.292003901071181,3.141652679339285,0.5216087384929711,-1.0769730327282836,-0.30732353367889903
medium_brown_rice,0.3472162822540862,5.647186504993843,-2.945131844504876,0.5222300506177723,0.6634800994791632,-0.7004674081191665,-0.11034036527384508
medium_brown_rice,0.3416090102247553,5.99763328589452,-2.302459278456747,0.36218537286646163,0.7715932385152586,-1.0755961475834752,-0.004823211324425317
medium_brown_rice,1.4530790658994774,-0.1328103969078111,-1.8726319049559161,-0.6782119723942264,0.46373161488701564,0.4791280906041809,-0.8812259126738199
medium_brown_rice,1.2441063550671057,0.11134698140502304,-2.287958605651132,-0.8136650558886459,0.3865240526846674,0.5751456963858905,-0.7745295647651426
medium_brown_rice,0.9562296253424297,0.534156591837976,3.1623189894507324,-1.1020465711018546,-0.39868929660526425,0.5112083561683345,-0.42828959801416205
medium_brown_rice,0.8857997830348687,0.20619730118972063,2.9625623546092146,-0.752222771971887,-0.5728258749374298,0.4606416202147707,0.20368720734728119
medium_brown_rice,0.6856671994371822,0.5950306198206416,4.181784631195019,-0.08496071524681942,0.08447736987077374,0.31639241164060694,0.5675429415844978
medium_brown_rice,0.7368027548255749,-0.5880151635539734,4.171746195004013,0.061528806879056604,-0.3305865112496185,-0.2692475283197988,0.5197540525967544
medium_brown_beans,2.7783521386183194,-3.666835005895675,-5.276275451043453,-0.009593164245764424,-0.5378797625861841,0.7870357775921903,0.5038649507264562
medium_brown_beans,0.7998480944443489,-7.557607774102935,0.3251916472860246,3.267146524542632,1.2953540891185906,-0.9823378376878709,-0.24644047505664587
medium_brown_beans,0.17706624543405308,5.532963146848583,-3.0977605595061775,0.4148211906313821,0.3894000129563737,-0.8505653300845508,0.03694256268685272
medium_brown_beans,0.2364137950145292,6.116674911124547,-2.273153664506687,0.10726645588151724,0.620000820427754,-0.5742126609698686,-0.7729823986972806
medium_brown_beans,1.5355027248845874,-0.01907008211389305,-1.7450428420458821,-0.6942437088375558,0.4343011785407819,0.787702659668976,-0.7193740046082683
medium_brown_beans,1.2524916333602323,0.024767042530348046,-2.0927284213848774,-0.597683964673733,0.4461632950727064,0.49335942128790755,-0.19614219776665787
medium_brown_beans,1.206754576954105,0.4517934247469791,3.4198419756807583,-0.6335628436315001,-0.3487137566426348,0.30578164680613973,0.5593190652294461
medium_brown_beans,0.6616330179110296,0.2841713852875633,3.430340397174484,-0.6843637540960131,-0.5275151841701141,0.20173884574197454,-0.21996665244353175
medium_brown_beans,0.6792189041003653,0.4778986297028013,3.9321010298075856,-0.07177993149580525,0.09640673065829733,0.21016790723255901,0.8661237677499335
medium_brown_beans,0.9635633443196483,-0.3514334517230492,4.393527385075091,0.053556461318936745,-0.24875288890272218,-0.02353540219959858,0.31557929841991367
medium_brown_screws,2.929527044179362,-3.5719595475922135,-5.15779808168759,0.06523464885679174,-0.568073523193455,1.014902890658842,0.44121162295842054
medium_brown_screws,0.7162794881970181,-7.5466416236021585,0.6469411760858247,3.134868043807839,1.3118570208241171,-0.955091893830481,-0.7998081827531018
medium_brown_screws,0.2385526917580119,5.802998582489685,-2.7694642855690708,0.5958468066342877,0.6591719970520769,-0.45289611294682075,0.07907974940557921
medium_brown_screws,0.13830826089560372,6.079971263473266,-2.1149740180129015,0.11581960643732286,0.7202161284140689,-0.9943009086782705,-0.8195080936599684
medium_brown_screws,1.4273856179221933,-0.06257834460862223,-1.9597590215414322,-0.4269816480214592,0.4370765727386853,0.6725057291266201,-0.6627911287833748
medium_brown_screws,1.1389640792474636,0.009381080547300795,-2.15627714454929,-1.012058907937843,0.22430961819308068,0.5975469840525593,-1.2902441886930915
medium_brown_screws,1.2418962569695706,0.3363369777141166,3.4115011551830348,-0.5104581553363736,-0.29583088541661573,-0.09274426331470928,1.0379827743544032
medium_brown_screws,0.7137404906064544,0.28162618185311394,3.53348510038365,-0.6713752009753912,-0.3673503868791635,0.18207750558634397,-0.4418580701978101
medium_brown_screws,0.5809129565461184,0.415200298410882,4.135763902797024,0.06242172980652117,0.137490270872429,-0.06313496769957708,0.9392351234175567
medium_brown_screws,0.8455322738039388,-0.5775596079168676,4.240623285613927,-0.047794466147178624,-0.3136618945717343,-0.1179052900825321,0.4818443804446152
medium_green_glass,2.91865208496854,-3.684052209464303,-5.122909006516989,-0.057487155252041365,-0.43843388660435734,0.5421875892553577,0.14478038081109743
medium_green_glass,0.6943270400640966,-7.599894330946759,0.38081314821895546,3.168588284203646,1.2916148012209203,-0.8520553778866584,-0.41350220028853124
medium_green_glass,0.37656390341391055,5.736861688383367,-2.5972845318095388,0.43447324078785055,0.9371385928271534,-0.8077288495569246,-0.457180365137844
medium_green_glass,0.14694024966970867,6.2273749813051,-2.0581234991799056,-0.08615978114882952,0.5550478872072718,-0.8636303359193255,-1.2779499718368064
medium_green_glass,1.5035276243166906,0.06517968621444797,-1.8678860948744511,-0.7557109378879784,0.2571499994642695,0.8439947223411426,-1.0129500597099463
medium_green_glass,1.0185998418683528,0.1730291838300598,-1.8379740441624521,-0.9657571081632721,0.4162589273309718,0.5156433650826285,-1.183140622779926
medium_green_glass,1.2621580657194507,0.3675987752545938,3.8612235230615437,-0.44371426686813065,-0.2463203417046437,0.06225909116423929,0.9473655562057294
medium_green_glass,0.7018562130747158,0.29378838111962796,3.4821897883060977,-0.8295856852315718,-0.467845940684408,0.08487628819383453,-0.4786660265442501
medium_green_glass,0.6893991839904297,0.48200410143960526,4.261845350179165,-0.03263927213576993,0.20152637367374318,-0.09537571579938203,1.0284359011058777
medium_green_glass,0.9077201144030497,-0.5237733800209619,4.315730394112259,0.14834413824189138,-0.21901624669678563,-0.2025980781357628,0.644447308657175
medium_green_rice,2.6253775636067482,-3.6173455185629058,-5.275864246113147,-0.4172082850382202,-0.6544403047299286,0.9404572376863685,-0.438023545510961
medium_green_rice,0.6290746968837236,-7.733933590671997,0.19796513926937442,2.9166104977012033,1.2740625394263316,-1.1913426569071546,-0.3512964955723991
medium_green_rice,0.39185882623393337,5.765147522198393,-2.9024479891060952,0.3593233205943696,0.5772736797222764,-1.0165751097468774,-0.39129399712400437
medium_green_rice,0.2628976561083951,6.09065704840706,-2.3621885137020264,3.145490874381443E-4,0.5371516773403333,-0.9237708113070396,-1.0510276454418483
medium_green_rice,1.4140464842670695,0.04631617218381562,-1.5938454487292981,-0.8338929904553646,0.3368243539944491,0.5923494283076431,-1.191338764554808
medium_green_rice,0.9216687912089562,0.17277005672572385,-1.5680271888401625,-1.1711401207126304,0.30506528521944626,0.4917242242132112,-1.3319525297853452
medium_green_rice,1.216002599045197,0.4599131792312575,3.927364025215978,-0.4404448934612751,-0.11083645480964764,-0.28724692622376713,0.9763311137569152
medium_green_rice,0.4313883303953157,0.40049017617429494,3.6946585901131193,-0.9446589699230385,-0.32952026992509004,0.15017090729429686,-0.5032895824502203
medium_green_rice,0.7257484564420634,0.472496808162747,4.124019490969839,0.06520927954496644,-0.11680485135782256,-0.12356503584004515,1.1828150542077909
medium_green_rice,0.8213666374942891,-0.5151360891485562,4.866299679600427,0.15033006564499232,-0.2155964345505464,-0.2615873289181079,0.4940012900631212
medium_green_beans,2.7732135790296786,-3.6515975149035524,-5.375718927255468,-0.33063323562872454,-0.6245533882603059,0.9734527549245182,0.07565340370068599
medium_green_beans,0.7442767165408735,-7.750070912854297,0.1406996467012096,2.7479118281414605,0.9551761442050162,-0.9488388530377847,-0.5226501549452531
medium_green_beans,0.37927057917655077,5.794480157218673,-2.939707487249697,0.4748972307069124,0.7116378047275475,-0.8803248349290671,-0.11311504260413324
medium_green_beans,0.23213142539149584,6.13132317898983,-2.1659857767682986,0.07315042193212279,0.59382489458103,-0.8356718274669945,-0.9244116515739057
medium_green_beans,1.4329146987398123,0.09516307905541102,-1.8943847023663447,-0.871977062115787,0.3216650330765907,0.877293664742408,-1.5639606549820142
medium_green_beans,1.18423743961225,0.16464574648084604,-1.862354747868439,-1.1582821301127582,0.3438444389811345,0.7117823181806477,-1.2680651858794847
medium_green_beans,1.1578843810060373,0.43747470439712743,3.7303451578793614,-0.4624269113133487,-0.16046000400538551,-0.24862054470773667,0.8750493942920331
medium_green_beans,0.3918215121525817,0.4165023660810603,3.5351872473331882,-0.9676999503246768,-0.11619877300331016,0.019585358264639093,-0.5208155463074415
medium_green_beans,0.7461478912678031,0.4444658057409633,4.257225767668341,0.10273627106514693,0.27011247003831873,-0.21135144582470441,1.3263306214120167
medium_green_beans,0.6325027745693678,-0.4903684295401021,4.41436533058561,0.027569062603715,-0.24048019325980236,-0.24122652732355046,0.12255423734249053
medium_green_screws,2.691902388761682,-3.35968240397611,-5.563294565827985,-0.42105491894794617,-0.4019608773355499,1.157495547923291,-0.287641150873771
medium_green_screws,0.763396628193225,-7.8469508369111605,-0.09968912882526414,2.6163041666649463,0.8325781311620969,-1.03060247497188,-0.5389240351840919
medium_green_screws,0.3764969961839127,5.783667435426902,-2.760449811730388,0.4610436294541341,0.544640573335953,-0.7691539326732719,-0.30238486643472434
medium_green_screws,0.1871101714623721,6.089680581332229,-2.286770682461246,0.005089824167239833,0.5222163724545519,-0.7853147498173465,-0.9479836153175125
medium_green_screws,1.4796292049705189,0.08152327228712039,-2.006826391617156,-0.675359878558718,0.2838683444551163,0.7568220080748422,-1.2136933013941507
medium_green_screws,1.309126474739072,0.16434391862785402,-1.856945974594169,-1.0184555162166342,0.361555780260116,0.9724256662620648,-1.2198109093215608
medium_green_screws,1.2158785951447413,0.4413966114632355,4.0581247796408215,-0.48140317629039464,-0.17281069822605308,-0.06441983906978971,0.9677947825605766
medium_green_screws,0.412730060192684,0.4873031335065721,3.5581151938107585,-0.9670781964897066,-0.17224108806551883,0.46532243735589557,-0.7358778154333339
medium_green_screws,0.6828716789368361,0.39932790503574866,4.2658219130844754,0.12539984662363038,0.33824498649779794,-0.41589426049456923,1.1509754250221325
medium_green_screws,0.751517908307014,-0.4289645331144361,4.586244791057428,0.10659131178735484,-0.13749412990950907,-0.12270323601959551,0.22993484735219122
medium_blue_glass,2.884450908580371,-3.8697603796077757,-5.446988211121085,-0.06379224763616508,-0.7501496038417895,0.8889673961986835,1.1310532410709084
medium_blue_glass,0.6599858429247698,-7.314129491914157,0.360688129167133,3.162280891366354,1.3958849358215326,-0.6078158190007352,0.13866397535817504
medium_blue_glass,0.3009373881571541,5.521205434291066,-2.6280628944920266,0.34245156538594707,0.582622376191856,-0.9053357687339796,-0.02913691075943489
medium_blue_glass,0.3664122675800096,5.782762229744663,-2.1158767265684157,0.9702135341285801,0.8871017778000991,-1.4104984313387572,1.4411940852617584
medium_blue_glass,1.3360710998641245,-0.053930619561553636,-2.1450457445099427,-0.8265172843404245,0.4134592040445162,1.150672638653206,-0.8009225389112946
medium_blue_glass,1.2840586556576996,-0.014782879546501627,-1.9616216136451816,-0.5394863394092175,0.5343859444622509,0.3712377895542371,0.24362137161221814
medium_blue_glass,0.9551903533843414,0.26988361484776235,2.911522611777777,-1.344809190474358,-0.8042333545315011,0.6582285472859822,-0.3015872485626573
medium_blue_glass,0.6940368478665129,0.33241229592406707,2.726343738405035,-0.6838617504835635,-1.0833430500782426,0.2157698366643104,0.4025918697138558
medium_blue_glass,0.725554999658323,0.3899445078503457,3.7488917580661973,-0.5828195923216924,-0.13627803430912566,0.5564658380266414,0.07983044916332957
medium_blue_glass,0.7723942458046003,-0.744730707969444,4.270574186083065,0.043456916098792334,-0.32845346979548307,-0.17921380318414737,0.735039329867282
medium_blue_rice,2.920398741908174,-3.795175088395204,-5.0558874831479415,-0.16315976212547048,-0.7249558882841058,1.0553406227415845,0.5028514444638987
medium_blue_rice,0.801142826243823,-7.318272410595742,0.24263236596420798,3.2470233466905185,1.3336921352148507,-0.5681134582800969,0.02717526354440057
medium_blue_rice,0.3031948589462835,5.584517025856686,-2.6563296318876066,0.44776674601152955,0.9066899895379598,-0.816338087247854,0.03829781307810208
medium_blue_rice,0.382248679460077,5.829689297596769,-1.7038514173902313,1.0289175031311402,1.1994046709044153,-1.0023921952395412,1.3261256462821889
medium_blue_rice,1.3568442078044116,-0.04677204131139623,-2.0144202783624046,-0.8594600500337457,0.31601000353723174,1.226970224213119,-0.9493921082016342
medium_blue_rice,1.1637428042245694,0.039925185829806205,-2.595411647364757,-0.8572950011409903,0.47806812281206484,0.8264176516952448,-0.588351368233703
medium_blue_rice,0.9914481629403378,0.18534093017771847,2.9250771184117843,-1.6474159644444646,-0.6673203200589494,0.874995331023854,-0.5560708186357267
medium_blue_rice,0.9711072040306696,0.18956960524672425,3.0257383124113657,-0.7279154661806726,-0.5788020728502085,0.6948074345183884,0.17670443734639557
medium_blue_rice,0.867108835851104,0.39278592618006225,3.7798272639741635,-0.3198705656086913,0.009455352071567929,0.610671860390197,0.4758950572590037
medium_blue_rice,0.9147974165840719,-0.7316956172520798,4.308346219110406,-0.22598980274859887,-0.4367749701601539,0.0642377555311516,0.7658413763496793
medium_blue_beans,2.7407218377292084,-3.7650406578405073,-5.349506364486017,-0.35502716757089037,-0.7437032155528981,0.8872176624403469,0.20971032730625933
medium_blue_beans,0.6237507963266538,-7.4028120787379805,0.2859503099311286,3.095994639108972,1.283081243429946,-0.7080232251770691,-0.16230009326920428
medium_blue_beans,0.2865414727583481,5.5812199591389575,-2.5206751424562004,0.2463272336585698,1.0238634835425264,-0.9421644796822678,-0.38885703588978754
medium_blue_beans,0.4490729680035763,5.911116079453963,-1.7935079538912069,0.7938717647817667,1.132105302715492,-1.334404924196408,0.9928720221166569
medium_blue_beans,1.444239592030834,-0.1060727167077083,-1.8297471536899168,-0.7706458441447096,0.3645060155693262,0.9864909144434937,-0.7058225231094697
medium_blue_beans,1.4781810715921968,-0.07037576534008598,-1.7145959873302423,-0.24585090932274975,0.6225094474374967,-0.0013692071068564064,-0.05162747330438071
medium_blue_beans,1.0143830017218032,0.20036355928856706,2.878612284591446,-1.7617741293754325,-0.5928504439177151,0.9222404670125807,-0.7382047662607444
medium_blue_beans,0.9544506522772462,0.2590665649635907,3.1050134268519587,-0.7941182620124446,-0.697227059146325,0.5614736530985626,0.0978812383646014
medium_blue_beans,0.9392639231334062,0.48851581823029444,3.805861233112211,-0.16172061577400115,0.042801243053397234,0.45682280292051725,0.5540432666548125
medium_blue_beans,0.8087230158053119,-0.8474842638668495,3.9236207682478828,-0.29322303762453605,-0.6205453825010195,0.05814950369335711,0.46875220499671405
medium_blue_screws,2.6784237109222944,-3.850776660171518,-5.401135081255545,-0.3948968649796108,-0.6785623442099518,0.969670951728128,0.037730118682220135
medium_blue_screws,0.657489999485253,-7.410695058657376,0.33316995214564393,3.3809790911781206,1.408576034714927,-0.8116390220046976,0.14558937566249308
medium_blue_screws,0.3099880235817153,5.796479659239917,-2.745197899902926,0.4072414512631204,0.5240788435688597,-0.42831619456589576,-0.061525825173018245
medium_blue_screws,0.3398939256386967,5.9285063548136225,-1.9846363517347763,0.8534691158778173,0.9576903928634523,-1.1634546404577024,0.8991718826146929
medium_blue_screws,1.2951296038659161,0.029721056853960898,-1.783704641768406,-0.7560863986078006,0.31443725070215045,1.1228433931609,-0.7304564955771479
medium_blue_screws,1.2068136643425431,0.01854441645296432,-1.877366971344556,-0.43988400130126243,0.6166129301213965,0.3576408592843038,-0.06672008015244013
medium_blue_screws,1.0128631278753382,0.10279200567499966,2.558354377947964,-1.6124011473157585,-0.7124876060784238,0.9973196239292453,-0.34686896783423043
medium_blue_screws,0.9697442738772079,0.22490899790720853,3.206427181020187,-0.6451870705735168,-0.5688982593432687,0.5216354851640784,0.24186627222751755
medium_blue_screws,0.7741301488443552,0.7391527029320136,4.195801393609036,-0.1671035780905706,0.05376125242962241,0.7202556796127482,0.6061990823220867
medium_blue_screws,0.9204796509066392,-0.8267028986209557,4.2026514308182685,-0.1860418908336519,-0.44524501056546173,0.09240220171222337,0.6724223063664648
heavy_brown_glass,2.3757657509081107,-3.0785431999370703,-4.8690356097121805,-0.46028652697589983,-0.21398024467421012,0.9405829922152223,-0.08763134186539083
heavy_brown_glass,0.5635576650401862,-7.532972202690417,0.4412349375812231,3.0690890028052076,1.0217734391563382,-1.5605149194917003,-1.4353550121335572
heavy_brown_glass,0.2989929056030272,5.916099499776791,-2.420937431073705,0.2285395228547777,0.7035672185088218,-0.8774286766128852,-0.3918173794770021
heavy_brown_glass,0.45344771234754344,6.174166717651857,-1.477187665524352,0.49061738420899653,1.0148197839849653,-1.5346960849760123,-0.02167559345081848
heavy_brown_glass,1.3683577602130996,0.12522527860935223,-1.5286988677062647,-0.876812384095813,0.3898608392242834,0.20074806529192607,-2.055839591446896
heavy_brown_glass,0.8047199548810944,0.390101477156406,-1.89900646273505,-1.2137147832501793,0.4873505610635761,-0.07749198029989957,-2.0919097993081004
heavy_brown_glass,1.0646014785171927,0.43614334840268304,3.8756255657896808,-0.6435905417154623,-0.13021397367498286,-0.21992489574674998,0.6437343537418356
heavy_brown_glass,0.23975284235388053,0.5854309811438755,3.8666506039625985,-1.0265719185346283,0.28049866234249016,0.1784196037380646,-1.2476288459606082
heavy_brown_glass,0.7979805211982691,0.587972177711273,4.666746412594726,-0.051163624018468856,0.4623628200792226,-0.615443320635048,0.6899451419008551
heavy_brown_glass,0.4575336324548669,-0.2709777771583017,5.0741094983842325,-0.10332036958582083,-0.10080347803780712,-0.44075229585683157,-0.542422874939515
heavy_brown_rice,2.427765372384435,-3.168565886475755,-4.72093980859775,-0.5507850732815913,-0.20980718937703016,1.0146590686857253,-0.6408472920936623
heavy_brown_rice,0.5389072904062204,-7.419233409368019,0.1761536335861115,3.179680602716026,1.059353473853613,-1.9177716881397995,-1.2062121563635242
heavy_brown_rice,0.3318585633270765,5.85760967337259,-2.420336932425534,0.3644406162575276,0.7769666326061437,-0.8181067671397331,-0.17938680722607192
heavy_brown_rice,0.24111364355791917,6.221692830892879,-1.5217206575383795,0.26555108623913704,0.7832599006153489,-1.388841731700134,-0.5012358517656295
heavy_brown_rice,1.5411572124535418,0.0599537945212804,-1.0803764057763248,-0.2720303258872174,0.6139299578260203,-0.40673137883037497,-0.5629338204630198
heavy_brown_rice,0.9923447976533604,0.4877313335167316,-1.7274831578187744,-0.9635940479568529,0.6542019998362253,0.33838853312241546,-1.9949026687631406
heavy_brown_rice,0.9396339414680388,0.5015724192734236,4.124304819241454,-0.47021960319043166,-0.23811290374380234,-0.3000587170748713,0.8296140356239549
heavy_brown_rice,0.17571167506540616,0.6580031042982891,4.148675185738115,-1.0055298639734032,0.2521571206278935,0.04607784960994703,-1.2613584337884372
heavy_brown_rice,0.45630583427961713,0.54257047823966,4.7125013198058765,-0.10999998830507801,0.3752195627720365,-0.7256756416731271,0.46559755617386467
heavy_brown_rice,0.48650142287275244,-0.359525763289053,4.745660262197754,-0.15684887148694127,-0.08534397771057052,-0.25832629893805037,-0.46090028962185936
heavy_brown_beans,2.377740881784958,-3.167552849358525,-5.133016833236086,-0.5746711991704684,-0.25061842043633825,0.994068791894143,-0.34517664891583344
heavy_brown_beans,0.5338418387773141,-7.410280616483133,0.2597697033647821,3.0463180490863837,1.1065205182313957,-1.7873645558494868,-1.3484857877662761
heavy_brown_beans,0.2668635061218612,5.669753984505656,-2.560536463712197,0.09030007708812404,0.774123317245649,-1.0174001770852363,-0.33503209248492694
heavy_brown_beans,0.32015692130330675,6.2197189313235555,-1.3483517023589502,0.25983933767760703,0.978349231846879,-1.6291895177673767,-0.7713884762562765
heavy_brown_beans,-30.85001617988254,-7.855431630603449,-2.187545565409886,-8.558556998363642,-0.07215494950471246,-2.7006271131286983,-0.04974970941631893
heavy_brown_beans,1.1060166807346758,0.38468844755364023,-1.5808264193845434,-0.8518486706078526,0.6485836932204175,0.3439453736889175,-1.8155198573617357
heavy_brown_beans,0.8851223931690254,0.4565528666507881,4.402198540764309,-0.4062757694007229,-0.17558115662088938,-0.5873762317511808,0.7917232678556161
heavy_brown_beans,0.0998231006644853,0.6710719276901149,3.95488233682554,-1.2024404253128065,0.061501024298176506,0.0624488125144856,-1.4621378375977145
heavy_brown_beans,0.3053384108528516,0.4597994737207581,4.072535909500883,-0.31544480909861367,0.28683466005869923,-0.8786578961884459,0.4605780428233823
heavy_brown_beans,0.5386487006849549,-0.4443508932026121,4.739853499343989,-0.04076643505323399,-0.014202932179716948,-0.364532926702644,0.007381748655917352
heavy_brown_screws,2.5860935118273343,-3.541740297565365,-5.104720425350536,-0.3381732892822539,-0.19533143214181725,-0.016101704831100645,-0.05718143482249533
heavy_brown_screws,0.2651031796062808,-7.456958647254484,0.507028131505222,3.218826417112787,1.5098495198712492,-1.986811620692354,-1.583465283756922
heavy_brown_screws,0.12141166418243779,5.866375079508959,-2.380036351616054,-0.06531187063477872,0.7256523348833029,-1.2353633882880701,-0.7200660187613156
heavy_brown_screws,0.20802147664100373,6.216210868468581,-1.171103714860894,0.41191219201347246,1.2079662231037982,-1.8608251238542144,-0.5287940323826905
heavy_brown_screws,-31.51817547176507,-7.956126142139585,-3.2156303936725683,-7.3547241166153965,2.568745203010651,-1.2955394105673126,1.5753833935172814
heavy_brown_screws,0.9234311059157685,0.5609152874214735,-1.4187972067133254,-0.9365920022503241,0.5763150328190555,0.34940837872155783,-2.122246351293396
heavy_brown_screws,1.0380946701760094,0.4682454635254305,4.403914613452489,-0.6331593987494502,-0.05311382114337211,-0.5022724853448062,0.5945199652801204
heavy_brown_screws,0.12193700339957828,0.6408232981213458,4.057649209426497,-1.1472818812213115,-0.1209036058670156,-0.211797923880612,-1.5090949372879474
heavy_brown_screws,0.38011060066318325,0.5994973410881341,4.329741710724432,-0.310004789676719,0.40942129889680484,-0.8098158527672566,0.3625271504830263
heavy_brown_screws,0.43895024002755734,-0.3571105331597366,5.349169257905837,-0.2311289987152948,0.051741720113969394,-0.3677903311494635,-0.6607173945047213
heavy_green_glass,2.5079317600596958,-3.4583054966480224,-5.338126499675994,-0.48995619660916356,-0.13824287343671732,0.6960897793030407,-0.3212266736489572
heavy_green_glass,0.4626690921032528,-7.523757793603145,0.423043370257792,3.1900299436245345,1.375715321697485,-1.7713159130353815,-1.4665902716216603
heavy_green_glass,0.259478939027109,5.857040305372451,-2.409654036058691,0.08827175236457835,0.6570255742938267,-1.00044373857774,-0.4053740104273854
heavy_green_glass,0.2569490055316773,6.161869816759872,-1.3018105653074459,0.3879022013266109,1.0608565971384378,-1.8889539092833045,-0.36998139866739654
heavy_green_glass,-31.85154572199003,-8.19577024954642,-2.938763794066764,-7.301442776015916,2.87479060779266,-2.47198075848999,1.8842414155269962
heavy_green_glass,0.9708539728890877,0.41863155639056465,-1.4693439158709547,-0.9897419812778299,0.4174245460916818,0.26656516839628436,-2.151751674341569
heavy_green_glass,0.9212674566063569,0.48485670471292824,4.087155718506087,-0.6577192660593947,-0.18251615275530791,-0.33236099001112096,0.6110988249837628
heavy_green_glass,0.1483872070726723,0.5752486551549494,4.057487798934212,-1.1568617396816796,0.08365261115254147,-0.12711956655670098,-1.569182826417927
heavy_green_glass,0.6026715658954171,0.521265791980324,4.295947517601549,-0.2714874962173705,0.5103630852651108,-0.5894542654169339,0.3622449269313299
heavy_green_glass,0.36389331187382423,-0.381826997201063,5.048689326352106,-0.3127718900226654,-0.06352225550166854,-0.12495961964173426,-0.6638251917475457
heavy_green_rice,2.4967108373610145,-3.425766905402433,-5.190100753835483,-0.44508004287517333,-0.16133240489476475,0.623982429430246,-0.6701462577045821
heavy_green_rice,0.5311297247358746,-7.410148456109207,0.6023021702854613,3.373984196161567,1.44407038210341,-1.5827275485052938,-1.2853817651017274
heavy_green_rice,0.343098919662402,5.6951446345138095,-2.6748367855505393,0.2534042131673718,0.49234199399938144,-1.2172997815694977,-0.11165457452866519
heavy_green_rice,0.44785724550793615,6.203208929902834,-1.0175582296264607,0.5644000270618692,1.096348332621008,-2.050372970808686,-0.24051054369054664
heavy_green_rice,-31.675758437481097,-7.669194537582649,-2.172589904720851,-7.199437246836663,2.8968176630957494,-1.7612356805056093,1.0865710248005618
heavy_green_rice,0.9282270461281179,0.4794028289041881,-1.4803273385354112,-1.1095373434256726,0.5811894705336688,0.07094753030999217,-2.383457061297927
heavy_green_rice,0.9619061214302914,0.5452654755200446,4.235913396323655,-0.6173598094657738,-0.03984904058595466,-0.2119545033867674,0.4611306657605699
heavy_green_rice,-0.1448757531092449,0.6015195819248734,3.512440233258892,-1.3297446807594004,-0.5378878934520572,-0.06085735271976536,-1.6574883975342967
heavy_green_rice,0.48202045704280255,0.6178579003780748,4.396571198087805,-0.15142528218241535,0.5494693726406635,-0.7041657156243893,0.44219430401769083
heavy_green_rice,0.41379548226394863,-0.2827349784714593,4.973185136362372,-0.18675703890432782,-0.0071120343301952285,-0.26972994061478084,-0.618328088188441
heavy_green_beans,2.5031126366745573,-3.371236726462172,-5.066828422692018,-0.4639700716641869,-0.22999017372037897,1.0182086765664151,-0.43944722659543506
heavy_green_beans,0.3969510970718424,-7.459473468486183,0.3642542959807185,3.1381647229606577,1.429567926375953,-1.5679812861151716,-1.650287056904982
heavy_green_beans,0.3734568181900379,5.714553038626415,-2.7733129605009896,0.18374620781934164,0.7841842915157266,-1.265052631904424,-0.0713744789683248
heavy_green_beans,0.38379834971641985,6.100875070661918,-1.3893708553580373,0.3465143928250951,1.065519808024827,-1.954708692432116,-0.24742648128387904
heavy_green_beans,-31.7919536699388,-8.3075795956579,-3.349695491039597,-7.556532722976476,2.8762723399519072,-1.8152763301032413,1.730417277716001
heavy_green_beans,0.9678183068073742,0.3774177311387556,-1.7694130364423653,-1.1117483616627495,0.49732809632628944,0.16648922077967668,-2.185973465800448
heavy_green_beans,1.0557735700433675,0.5091186462644535,3.9739949616198476,-0.6246977385653437,-0.13557742625916103,-0.022938242713408726,0.6535552288924629
heavy_green_beans,0.014204214799285603,0.6494980781751512,3.6491959585591585,-1.3917455491568924,-0.23515053978351066,0.3084606142344292,-1.6056041980294475
heavy_green_beans,0.511607976017084,0.47943007081221173,4.507143218528886,0.029141445996762043,0.4282267780741504,-0.9467543975237434,0.7693286829240094
heavy_green_beans,0.3514710807224033,-0.428178197571076,5.095794113303372,-0.15642239166391586,-0.014070807023945558,-0.31805489179969637,-0.6804373599411829
heavy_green_screws,2.4443128709524076,-3.4416848030136036,-5.074392954117196,-0.23912026985706952,-0.21802334022535697,0.47766992332459657,-0.48238299650521105
heavy_green_screws,0.26664354655010536,-7.311384743980299,0.5862899744513188,3.0488615068731506,1.4272878952729307,-1.844606774481237,-1.9457915056209965
heavy_green_screws,0.2265526659826237,6.016935067814424,-2.4699464529759476,0.18059805783723626,0.544271087614768,-0.8303477031515379,-0.3285943674965092
heavy_green_screws,0.2725146889200296,6.119475604084104,-1.399348943059765,0.3553406957327915,0.9723516109421749,-1.9498780435060863,-0.21620929980304113
heavy_green_screws,-31.772270436537916,-8.293316524446244,-2.8325273481571815,-7.482074132775002,2.836395968675284,-1.9055767672187676,0.869838779321282
heavy_green_screws,0.6609366915033595,0.5111989911884149,-1.3922726430379793,-1.239969025167576,0.5902173374227953,0.04745465415597971,-2.3887492893959354
heavy_green_screws,0.9922623243816455,0.5750346282041678,4.613352150502942,-0.7743826845869201,-0.22342008921359047,-0.24610710019820278,0.05938983645154491
heavy_green_screws,-0.09994845164834859,0.5878742018491624,3.4833661908819313,-1.4097284155292533,-0.009751832756082261,0.15255213209788523,-1.9424717481474363
heavy_green_screws,0.5047004174611394,0.5196397480711035,4.470448756205708,-0.19350909106063863,0.4790208901329236,-1.0330781299853473,0.32663124895986784
heavy_green_screws,0.3642737981835455,-0.41192511713368796,5.417823336096357,-0.32260278237685286,-0.23284258299309057,-0.6547444425660526,-0.7119126606173601
heavy_blue_glass,2.418208438978309,-3.4661793858670644,-5.519588148424882,-0.6539475364589905,-0.4524350049933053,0.9149133340379345,-0.7003006738152792
heavy_blue_glass,0.6727549002070756,-7.816100224221421,0.36460617623568625,2.630822615563804,0.8376162082546507,-1.5485513024854596,-0.9697103729221348
heavy_blue_glass,0.4770976910927911,5.6187276663005825,-2.5329814323006388,0.4926152315061541,0.8983153529182074,-1.0997886611361394,0.10614245285795011
heavy_blue_glass,0.19705196109468462,5.955035342595306,-1.801843313051335,0.3940121897336158,0.599858060621349,-1.7853773406039732,-0.04634946449312119
heavy_blue_glass,1.4072340823001503,0.1608695503413962,-1.837052194828843,-0.8409027839401669,0.31947937728904413,0.21039962506532936,-1.627330762672555
heavy_blue_glass,1.1864029266761664,0.298262721318105,-1.7312634290562094,-1.1059306433957454,0.356906711797731,0.7799462756267497,-1.5347917916460954
heavy_blue_glass,1.1037846693673625,0.38086936244032876,3.932347326624678,-0.5477480123141117,-0.059290267494328044,-0.47130768526173333,0.9274788476985426
heavy_blue_glass,0.22394406874478812,0.49390376376213296,3.652645293676723,-1.0033764487308374,-0.0976519626808392,0.06166813702675533,-0.7433630055779674
heavy_blue_glass,0.42585310613106486,0.4942088199934048,4.273715897430092,-0.03333841455828115,0.2581788511748396,-0.6538472599569626,1.0289901348126298
heavy_blue_glass,0.5422178627886032,-0.2800866666409618,4.733159242512572,-0.4400315376697701,-0.18494862224617073,-0.18704280195247666,-0.822780883971053
heavy_blue_rice,2.6008547985664365,-3.385486326752487,-5.111314516690081,-0.5733070440820822,-0.31656196462377245,0.8327072715161595,-0.8111776810306989
heavy_blue_rice,0.640635878598633,-7.695610221511265,0.12286408282140648,2.6560739138409883,0.9068973166033276,-1.2262327690179466,-0.8615097220771137
heavy_blue_rice,0.27783724113176267,5.838233682143285,-2.551691690337005,0.36546102189491775,0.7752775682723373,-1.2253317707178897,-0.5316441509932314
heavy_blue_rice,0.2204316346119196,6.066357037268809,-2.0538279952054252,0.011990263897046265,0.6606566318791781,-1.243182279104634,-0.8377747770818269
heavy_blue_rice,1.5517322599747543,0.1266631041286097,-1.574576923806956,-0.8853403913942735,0.3662033382756649,0.29996733313309376,-1.6807238734349732
heavy_blue_rice,1.1904973861465045,0.3518133790885759,-1.9456222123621334,-1.2034359791989098,0.3648507658699775,0.6952409795107217,-1.7315553626902558
heavy_blue_rice,1.0883671399408132,0.3727064041991875,4.1701151985976175,-0.5547248555590778,-0.12557819156701208,-0.494833078078339,0.7407884640658323
heavy_blue_rice,0.12531158775676227,0.5864442519749647,3.918499001024201,-1.1331098301509877,0.17134470530979992,0.26265564793025314,-0.9946894287986765
heavy_blue_rice,0.6999259485460625,0.4255477126692882,4.506859815162958,0.08928586918723863,0.4459053039597236,-0.5833579597172709,1.4479427982368118
heavy_blue_rice,0.4744699335927571,-0.22378431889825412,4.6133576223130275,-0.2845113927656611,-0.1280881098934058,-0.2862372800623677,-0.8504046762880156
heavy_blue_beans,2.602664618121358,-3.411224023234726,-5.203434319305423,-0.4990294530440421,-0.31941143956326495,0.5679500620076645,-0.8030239188542132
heavy_blue_beans,0.6802838077821793,-7.702580977447717,0.32616996638207896,2.9408472908705336,0.9789099157877522,-1.4682939267598465,-1.4065578326495078
heavy_blue_beans,0.3316287721894297,5.844413946896614,-2.447230231348162,0.3929566157842313,0.7894734191295123,-1.020325821546705,-0.3897425652538369
heavy_blue_beans,0.25560024695349937,6.257702320819851,-1.6652254481322428,0.11137407335779141,0.9077805798662779,-1.1079430391291671,-0.8282047418035239
heavy_blue_beans,1.5168858603083952,0.12025671475130993,-1.481483347209491,-0.8192939524551149,0.41453477659297805,0.23867473886343213,-1.8811334340972237
heavy_blue_beans,1.1243733962849842,0.3753303094905428,-1.9418511958863618,-1.0218625126446848,0.38534525166840256,0.4709102089472967,-1.5901022806188554
heavy_blue_beans,1.1026251301156915,0.3777547909988875,4.1571443497787115,-0.48529784176579,-0.09229613759415267,-0.38907522065128414,0.7176934083197285
heavy_blue_beans,0.31966279901922195,0.6223135510003402,3.995209355354541,-1.1295551515727482,0.2007180290238615,0.018715191396329038,-1.1160622861889153
heavy_blue_beans,0.44201966395053677,0.5296736811699138,4.431770952345277,0.0011974631117284834,0.23983826967545846,-0.5719608534751262,1.116432952645437
heavy_blue_beans,0.5056660341494343,-0.2219736566984266,4.64586200195844,-0.27126863110147637,-0.12778287072672245,-0.3849760180217242,-0.8963860519867966
heavy_blue_screws,2.61470577995359,-3.382132538513012,-5.157773910755655,-0.5666961989736427,-0.32759261124873956,0.532870184016763,-0.6618470358698205
heavy_blue_screws,0.443731758773053,-7.494472526134311,0.5290481450233927,3.007920673703378,0.965127905722404,-1.7883534822690221,-1.2846453759852534
heavy_blue_screws,0.27446742913196126,5.963357886350291,-2.5431949042135016,0.3844446747016499,0.43773562313114217,-1.0272254059689176,-0.30107940520220605
heavy_blue_screws,0.39180820547146805,6.217723979680665,-1.5079868269610026,0.43955545846922467,0.9424123887836755,-1.467859622092554,-0.22192945824207563
heavy_blue_screws,1.381150066902137,0.1526482747490635,-1.6639109006863293,-0.9678074194849603,0.41256072971612656,0.2057278897605923,-2.0505624768302213
heavy_blue_screws,1.1909362159125616,0.3623512021835859,-1.8005836227121712,-1.0130229018738552,0.3055713751604716,0.2155287861098453,-1.6017136254010222
heavy_blue_screws,0.9879860036124599,0.4578622187142516,4.336237425607253,-0.6739365505057442,-0.1140742795562718,-0.4734702064808485,0.4440097927471301
heavy_blue_screws,0.2669403166957888,0.5042720934458669,3.7627841150838788,-1.1537791278318166,0.3225263807117334,0.12733805800737688,-1.2014347681349618
heavy_blue_screws,0.5058306403534168,0.45109805985909734,4.6605500991536015,-0.12825436299452636,0.37658646874934376,-0.8932998214514806,0.748002342026598
heavy_blue_screws,0.5592345783324881,-0.38993193912361657,4.921758517088257,-0.2789962040992144,-0.15312902255311472,-0.2806559147754014,-0.38728570654330735
