light_brown_glass,5.621421891315164,2.680631380938253,0.5053961405999137,2.5933507194584724,0.5530872617388883,0.18568184123333079,-1.9391380115155346
light_brown_glass,-24.68398870237312,23.46897213151583,-27.819920838918847,-2.3434344661824946,0.3561305921547394,-0.6462632361495138,-1.7379715506556292
light_brown_glass,5.228117408413466,2.7387744583079945,0.3365532667862413,0.19597867833115318,2.9517071082641686,-0.2770729015242895,-0.19862504644270473
light_brown_glass,3.0035419931756944,0.8628849860734438,-0.25164730838201416,-1.298625359802782,2.531517308582774,1.372230229347999,0.1886552901353598
light_brown_glass,3.757550103509668,0.9296948225222629,-0.052961161551590696,0.015419326693038943,1.7174323403969538,0.078738905750599,-1.041212242316296
light_brown_glass,4.332955166504828,1.2527554826077587,-0.2183799809311204,-1.495399403600057,1.8895567275009864,0.8806270207873467,0.7989370724917837
light_brown_glass,5.005082874953164,1.8846161724990387,0.2574533481034899,-1.4901740756229676,1.773243698747633,-0.08195019527613019,-0.8982694170374406
light_brown_glass,4.795450897949004,1.4321010726403163,-0.006769182262578624,-0.907043523627145,-2.1757544702913916,0.7015341675562176,-0.7709884493870542
light_brown_glass,3.8306314761549887,0.7867054699345875,-0.13178877608118283,-2.367717585803578,-0.23205949261173922,0.2316301844779822,-0.3952183044171191
light_brown_glass,5.482827909595767,1.2620704720671119,0.1610197032469866,0.4311924681175959,-3.9719656559552665,3.1752090822760732,-1.4908901188011197
light_brown_rice,6.12827101475796,3.2910872534637763,0.88821318410874,2.390172029565623,0.2585690574541342,0.08624935090602426,-1.284199157287451
light_brown_rice,6.123937156962498,2.593438513817083,0.5053442525467805,-0.7298548508256237,-1.756334527920352,3.215735027732185,2.1858756762399727
light_brown_rice,5.462697667119824,3.0689288803669896,0.7604640988115523,0.4421500101123775,2.6493178062094875,-0.39131501167247723,-0.9418630365415227
light_brown_rice,3.6680067149375133,1.0242035024430194,0.2908206027478583,-1.0091675324623453,2.8375213124458383,-0.03486407876617696,-0.3278781950285461
light_brown_rice,4.057444237682925,1.1694392382292578,0.2609847335555773,0.23080982202585737,1.5846473778234005,-0.7325766725928166,-1.0259725866254177
light_brown_rice,4.848381088538044,1.6664425419634856,0.2726561798782575,-1.389991607331482,1.37603653377777,-0.033179124159488864,0.49070633625850296
light_brown_rice,4.754959306180416,1.993812011687945,0.5414573259812523,-2.0034701653557105,1.9313986372531953,-0.14461523329902812,-0.013452385364647455
light_brown_rice,7.707091343853236,3.7016497118263127,0.6860984210123326,1.4096706307690428,-3.25688495364356,2.834581153419995,2.7060347610099673
light_brown_rice,3.8295572567939913,0.7181968449968037,-0.07315218009500762,-2.6059177312339803,-0.8580657202799917,-0.11137449379508482,0.03538338469522142
light_brown_rice,5.199136886994076,1.5750727342005462,0.5744121414488528,-0.6976852749289487,-3.4626440091528976,0.2985152800668331,-2.0958472397033385
light_brown_beans,6.3431918669362615,3.5407478696456374,0.9787019172907848,2.5936656434739076,0.47008463740870265,-0.3431096515309133,-1.876448199960554
light_brown_beans,6.013674164041131,2.6958045429755937,0.42075405959825124,1.3480291013741879,-2.3007436520746753,2.8254698850739324,2.1934812473660443
light_brown_beans,5.530934748526068,2.476295093302372,0.5976344566532418,0.665274796014291,2.7507051152304127,-0.6101888689725159,-0.9485054225163257
light_brown_beans,4.073415943582407,0.8696256153186428,-0.05023704962376954,-0.7700462909575785,3.189010977359504,-0.5153866394319282,-0.2406195692860218
light_brown_beans,3.827496523043552,1.2050155098526023,0.22824084420549218,-0.22475312825121696,1.4462746154001687,-1.184259991706398,-0.9789152760037797
light_brown_beans,4.852935410837199,1.7624681489926237,0.3142492379983965,-1.7510636315451917,1.7546441406727191,-0.18144879008570092,0.6028693740148566
light_brown_beans,4.5501733776445645,2.087942927431453,0.33983107385083433,-2.041867362981708,2.111084291289413,0.30526211206328113,0.13818788115861547
light_brown_beans,4.936757369145379,0.8656286229334472,0.0014280688809651665,-0.8962247569092376,-2.140899165314806,0.5738165050327656,-0.8174145277774739
light_brown_beans,3.9753347960369383,0.5680511637969449,-0.07377061161550069,-2.504270353571968,-1.0524059310414504,-0.14522475097273266,-0.04895504083056939
light_brown_beans,5.301001504806954,1.501355480485626,0.2781748938003289,-0.8193143456739254,-2.267625378860351,-0.5450864059185689,-1.502030101642879
light_brown_screws,5.460128473878049,2.981116868346852,0.4218920421653732,2.2019536228680074,1.0280662244384902,-0.03504800483985548,-1.036082575285585
light_brown_screws,5.4752245869722875,2.5036182484404694,0.13182040308712284,1.3358388383128208,-2.3759648770250177,4.016789552947866,2.458177510438077
light_brown_screws,4.9503374490075585,2.725534734577977,0.2371340035797246,0.27058406097836113,2.932876281718359,-0.47881557148932613,-0.00887316723709202
light_brown_screws,3.491945249538552,1.1781589235766539,-0.06831051576916311,-1.3524315411197632,2.962299987417269,-0.3013463505292423,-0.15582894883850318
light_brown_screws,3.7368562443989917,1.232154433026474,-0.23105116675817547,0.135324144452466,0.7693975713584408,0.047488154050259725,-0.43199881355613956
light_brown_screws,4.540221185835002,1.4878423181321534,0.21060671265480432,-1.5228066429993354,1.2971998421597308,-0.5293860497333246,0.33752378807655
light_brown_screws,4.560214925913871,2.1229116657655767,0.2575891744219762,-2.024709839742237,2.1042860877031377,-0.06847630768685312,-0.31113979051977814
light_brown_screws,5.1784496940206415,1.2062351530730562,0.026059052747117617,-0.6151681301128642,-1.9340247349677344,-0.07010765308489847,-0.742656817354864
light_brown_screws,3.7165354141872435,0.878423194782449,-0.036537820502481076,-2.4754889589700833,-0.6755109335716142,0.09444846115807688,-0.3243298395664946
light_brown_screws,5.564049871972526,1.492105928094116,0.4236998160505174,-0.002101814618949649,-2.3143251686644186,0.0758265038570577,-0.8199913490951107
light_green_glass,5.878470757980432,3.1379257124751714,0.804310891118183,2.911847446582834,0.646380539464798,0.010176559748422673,-1.8322995235403314
light_green_glass,5.215308813196319,2.314873050376972,0.0998578912484239,0.6347079568136209,-1.8957459976261128,2.992185921559378,2.3490666949990584
light_green_glass,5.889027085999845,2.816029923334512,0.5209138551771213,0.9130167968851497,2.224538217510337,0.1293143334305797,-0.539340859804003
light_green_glass,3.582862198849357,1.2515135905663535,0.03824247704585595,-0.9957304061379277,2.6928260660817744,-0.6174299933877898,-0.9663299411137449
light_green_glass,3.7365751117882837,0.9706073393398764,-0.1204132484900366,0.03022869044093518,1.455042122047756,-0.34312442724690717,-1.3625406396931095
light_green_glass,4.859114520845163,1.0743044477809427,-0.05645578733357598,-1.205807492938015,1.2086937607883839,-1.3084194409651808,0.43678093718788513
light_green_glass,4.633901299767476,1.740967201409328,0.23910905929726445,-2.0037759827465313,2.273407499474533,-0.7169481670616652,0.17505752204162348
light_green_glass,5.01596664471718,1.4610054070013134,0.22022804267220306,-1.303712217931653,-1.8786233474808736,-0.7777016562077524,-1.0558131699685736
light_green_glass,3.9240900557327407,0.8066287188699847,-0.1218527801779654,-2.371202321897243,-1.1908524834471887,-0.8159134131396434,-0.6511879300341632
light_green_glass,5.696113243584245,1.827725385890803,0.2454422215634542,0.042165363028851766,-1.3332616119910943,-0.154654795086625,-0.39199652276612
light_green_rice,5.706505204614107,3.0216630107557467,0.6656398124858528,2.3070645913062866,1.0070639192605026,0.3759057261973211,-1.3086443338520142
light_green_rice,5.6217444505986265,2.5876416149104604,0.4735328312438248,0.6594205944437486,-1.6302919228753572,1.437187314421195,2.345135661387891
light_green_rice,5.266742151339333,2.3990454573698656,0.5032767529243933,0.785284005566497,2.4165675201146866,-0.40133686959800446,-0.17100626821728465
light_green_rice,2.708279965835131,0.793150866631629,-0.09827842507842488,-1.6850765548474886,3.3431564020708184,-0.3113722852746322,-0.13022114994978362
light_green_rice,3.844469578732841,1.3506904138234543,0.29060725202561244,-0.597612328078611,0.8878101666425487,-0.5225621304545499,-1.178246111857365
light_green_rice,4.707173940188043,1.5051762410950555,0.2537013300759273,-1.2149975774839603,2.05985542643298,-1.2180619026253028,0.3954317577371148
light_green_rice,4.555673646279244,1.904757415220725,0.3127452110471277,-1.878553819922192,1.601771182428208,-0.8774559960793085,0.7738538016515872
light_green_rice,-18.501352404261628,29.20448142054397,-29.23079237794414,4.950973280817254,-2.9578150650923325,-0.7973487497007862,1.528099379817839
light_green_rice,3.5487255594164004,1.5325907321486376,0.1607990305002799,-3.2716263850021576,-0.8679029670601847,-1.1715829357430212,0.012595133281919253
light_green_rice,10.326246607335262,4.168041633969098,1.3448226770603402,4.4219863925932765,-5.901877771966393,2.511022098960979,1.006240225909478
light_green_beans,5.747703702015239,3.3890042692303615,0.6094885084741818,2.3359138299686046,0.7527774027842117,0.4416464104551336,-0.8274361741864495
light_green_beans,6.142598695112547,2.8514278846910615,0.5294751731920598,0.9461689669758482,-2.0020128127037706,1.1061863857036742,2.1010000059094405
light_green_beans,5.309868811381117,2.5162513048246224,0.6646422063378531,0.22879338437668312,2.798279097010431,-0.6300381453281035,-0.926096018767858
light_green_beans,3.3618428062125503,0.8492230298826496,0.02609241485898091,-1.1977445461838019,2.596160743706263,-0.6326742238117539,-0.8920652244684033
light_green_beans,3.941862358052989,0.9683700055255472,0.2069305595188072,-0.15675808024462048,1.4502727889903966,-0.029646014697743785,-1.2867417306893394
light_green_beans,4.347829725753628,1.1633054306421173,0.1917252360403069,-1.9425090027238083,1.5367100952099597,-1.5630634577783789,0.05610200174626197
light_green_beans,4.682196980011505,2.029049784784119,0.4659990714757553,-2.5154923227863484,2.0881602994237927,-1.3177795975496436,0.0242035263213718
light_green_beans,5.14772981611927,1.7361100662071753,0.19858037641733753,-1.3854960439956403,-1.2027212068418178,-0.5527224230580218,-1.1249821108935463
light_green_beans,3.9890563681027476,0.9405171683841342,0.1936555675025497,-2.9125751199989045,-0.2133721665771233,-1.242884762351341,-0.19150493372660335
light_green_beans,6.524846725513479,1.384669356536438,0.4753287175776619,0.8804926359917374,-1.2128368159584841,-0.18343741525544593,-0.8991174240510792
light_green_screws,6.255263956198455,3.0136087271364937,0.752187680793824,3.4224500375464117,0.3821964912925645,0.06843253170842195,-1.8409809205447607
light_green_screws,6.044573068503365,2.1660264314345268,0.11847582475728223,0.6162894878391265,-1.0695874679422652,0.5524552563968951,2.5702323401940386
light_green_screws,5.475458899908847,2.716586718007372,0.7892066477631954,1.0537982296258865,2.390002878405144,-0.746146912796564,-1.3740533119592635
light_green_screws,3.3656812784777657,0.8362530389957877,-0.10128411000122689,-1.0437878138167873,2.8877704196678513,-0.4015425038006442,-0.8791369061955482
light_green_screws,3.7031495754044848,1.026199465756081,-0.008490603549006721,-0.35521391146655434,1.2410463124090978,-0.24366621646946024,-1.1505818841881659
light_green_screws,3.9856112008264706,1.692207987248641,0.15703400543616663,-1.7374824462322807,1.5649686398309883,-1.0162911089349609,0.223205893975243
light_green_screws,4.50692011108591,1.731292627363617,0.05687123003872811,-2.0810697110040297,1.8660592956955027,-1.576686714497603,0.1064736943918659
light_green_screws,4.851355158833863,1.29324969474415,0.12556836798313928,-1.3589088764361197,-1.3149231440928255,-0.778320272126922,-0.8317082474313756
light_green_screws,3.507667751307595,0.6713888738357288,-0.14478457010827472,-2.7832652404162896,-0.624293619225926,-0.69335956170123,0.5655056421367236
light_green_screws,5.8146218340420175,1.0936981877059517,0.4150923274030526,0.6328251076988558,-1.3191994353639127,-0.3255070113764777,-0.6774081055266924
light_blue_glass,5.747841155739595,2.2417957440359855,0.48384363701042166,3.023008116907563,0.7813628546697028,0.692470786219,-2.7388530212163014
light_blue_glass,4.072702825429976,1.1792576706869715,-0.10966469411289405,-1.99671656801079,-2.0583504584140058,1.2840165930293241,-0.34519530282889027
light_blue_glass,5.1701383131604155,2.7079336140778354,0.07164668863576723,1.348001944864485,0.8114306488266588,3.2030180142881557,0.23358265024293734
light_blue_glass,3.3672013477807883,-0.24836581395308044,-0.32352956644295394,-0.4776543767039564,1.9223840842253868,2.4649823808424167,-1.0284666727583143
light_blue_glass,3.9719603949759077,0.8820193586891854,-0.22092608712755737,1.5867824945763385,-1.1072132332800795,5.303722601290596,-1.7124066519738028
light_blue_glass,4.433409085228855,1.3431866295298278,-0.11824871100641751,-1.5049457233074635,1.8652363075799545,0.3806915720186439,0.6636399955798573
light_blue_glass,4.3894709872494575,0.7290275464509989,-0.12681477603354846,-1.4080914541598353,0.8667785406768189,1.0218332815214766,0.2946538009124518
light_blue_glass,5.257471103747198,1.38562032829557,0.21866413562763973,-0.7142708036576279,-3.3283217019418343,0.5383680759058171,-1.536967142552621
light_blue_glass,3.8488877431715247,0.7666550819943481,-0.1674809597330323,-2.1104139457549267,-0.8413862039617436,0.5824020446335932,-0.019951304831867814
light_blue_glass,5.955720521560139,1.5728221964171332,0.21234897978782016,0.5580662440270465,-5.0737587347287105,2.407712223425158,-2.8125783976694567
light_blue_rice,5.725117400528164,2.883369542401039,0.7786170161905125,2.587597582019493,0.7764652755536572,0.15352748831408453,-2.294262328596325
light_blue_rice,4.6746329162452165,1.731408023205056,0.38315759595690985,-2.0677017889297318,-1.742963461233683,0.8953731390569118,-0.6106303188434855
light_blue_rice,5.440021244740845,2.656778295317017,0.4647972533604701,0.5843708891299817,1.4375242760781448,1.26705064032702,-0.4863697620649864
light_blue_rice,3.0588822133614886,0.13766701457765984,-0.05601364832536524,-1.2556518131508358,2.5604229331950843,2.453572660206761,-0.7802551224513466
light_blue_rice,4.455695026975778,0.5735476152249098,-0.009900885805463396,1.6622188313493345,-0.3238943406702529,4.577168593039739,-1.6449070247730002
light_blue_rice,4.35537689207642,1.6613138041017939,0.05333691930450513,-2.19770505036056,1.5604359314545004,0.3327815657439929,0.5154917601251393
light_blue_rice,4.320976717692964,1.5741410651549146,0.17432963887827965,-1.970307510271794,1.315135801496746,0.006183672722382565,0.7789659972000044
light_blue_rice,5.398720084775203,1.3223551324861886,0.22406727150335218,-0.2509027436403277,-3.1842174063932207,0.3355498113560098,-1.2733831627788332
light_blue_rice,4.134241794549221,1.4825876627423884,0.23085413451387934,-1.802602223387737,-0.876436293486577,0.7151407294813398,0.4821785264626332
light_blue_rice,8.814718293384058,2.2131844368802196,0.7152724286684993,2.364297646796891,-3.4139220782980977,0.15295370726678567,1.7262218074859956
light_blue_beans,5.9161227968388,2.7563775094837557,0.7875061143848656,2.527291874322096,0.3166927518279438,0.08371669247306643,-1.8237548613874546
light_blue_beans,4.609986323271494,2.1755788189791616,0.36225982936708134,-2.0713833044725347,-2.3192231718398384,0.8569480149941828,-0.41172592605837016
light_blue_beans,5.797255066971723,2.5774597373747024,0.4511941254565978,0.7900324085621706,1.5725317841645685,1.308154863485374,-0.7759107973477475
light_blue_beans,3.1810387861989273,0.6488506058146464,-0.027401851412878646,-0.7864410153375649,2.345209766843626,3.2146732465168704,-0.7131476002655149
light_blue_beans,4.442188268134423,0.14324743352137587,-0.14659301887950174,1.318240336644128,0.2133298370591823,4.9397043962197795,-1.81963589693623
light_blue_beans,4.614295361740502,1.7734327374641567,0.08476849945609705,-1.7134365319966387,1.4365884288206496,1.02036526489083,0.5059952710149923
light_blue_beans,4.192780711054057,0.9208188273206558,0.03609406863837905,-2.4352298037403046,2.576620664859243,-0.8853355459788201,0.4659358780106936
light_blue_beans,5.831902537463665,1.5159394255369492,0.17753953514821855,0.021607050393872895,-2.1723183886779176,0.5782316370385023,-0.9340012076609097
light_blue_beans,4.110888420804538,1.5386945465246251,0.09278872191940925,-2.1308265933467143,-0.7054549974459962,0.6019377425775173,0.2665003004586891
light_blue_beans,5.795951527223351,1.7789335104982509,0.5069360122412249,0.6830588534709738,-4.906865970374428,2.1974776308703117,-2.315022413861846
light_blue_screws,5.5744539238438975,3.060294411224956,0.5377209206553549,2.752767994350582,0.655005584051982,-0.018848393783841694,-1.2043972154261302
light_blue_screws,4.4180616543607725,1.8057363044062364,0.20932195325257374,-1.9615674002483923,-1.653943192492841,-0.17874484981224406,-0.6275630777260549
light_blue_screws,5.069689582704649,2.6609692611163163,0.20893276233796326,0.5202767895085281,1.793793292435566,0.42757138101744896,0.2012981766375424
light_blue_screws,3.1146465577448934,0.7635387432547233,-0.36163914090477756,-1.1082904828253963,2.3323391712508856,2.989881813987706,-0.6201090862578094
light_blue_screws,3.593874288999374,0.596105768200558,-0.23083870681708002,0.5362539718793399,0.5320552685040593,3.801637259510014,-2.058497973640188
light_blue_screws,4.86249659593748,1.21986138940832,-0.12474338345362838,-0.5884437551439567,0.6979215353510331,2.301519661997033,0.5721544405115605
light_blue_screws,4.475086549163996,1.2787198820945798,-0.058742319756738236,-2.2438164550131603,2.326145237653529,-0.8239064778168816,-0.08171399286028116
light_blue_screws,5.184906530989242,1.3818366952210812,0.05039563968942759,-0.9778132398084377,-1.822161332133049,0.4218025287515333,-1.5887494421763766
light_blue_screws,3.74405296809081,1.026504342206982,-0.025432642893723642,-2.2689820038775914,-0.3891590908368673,-0.2603846595419269,0.14658208408722279
light_blue_screws,5.7122137636766,1.563616197157945,0.39639133620906664,0.6003658029154973,-4.439385961554903,2.3928811285037503,-2.0566345429615143
medium_brown_glass,1.0893411984957437,1.057604829843794,0.34182272944253245,3.149154575633536,2.282660838874589,-0.6721259182658863,-0.611573084337193
medium_brown_glass,1.4046304648582524,0.47131724405006026,0.39914969738090855,1.5142177853179608,-0.8095155087129787,-0.552882586758115,3.1036940190925764
medium_brown_glass,-0.9754052014983577,-1.4134284265952024,-0.40621167724378504,2.056276331735923,-0.15653027614834766,4.708417635361904,-0.5459960646532446
medium_brown_glass,-1.076615803476966,-0.39754353200398873,-0.11672061518789333,0.04975175206587623,2.7830112295032445,-0.9361239636681242,0.12457698806561732
medium_brown_glass,-0.7234075335023048,-0.5516071082401037,-0.21315656353115428,0.4068560514440428,0.7814120058152195,1.1242161346588235,-0.5949538689017025
medium_brown_glass,-0.5567097289953549,-0.717423230839932,-0.013121562011697865,0.8447011061364811,1.4403226718062083,-2.1401651277112954,0.0020477222697399514
medium_brown_glass,-0.531582833692426,-0.9248456995192804,-0.22788285841437797,0.6701576263072567,1.472562428916742,-0.4145885349180387,0.4876511431700025
medium_brown_glass,0.13232609125986924,-1.2928024113704062,-0.048313486289149186,-0.2521035692254662,-1.188768992231789,-0.5600969547393698,-0.06788725159932
medium_brown_glass,-1.108040424283835,-1.2572832250310901,-0.23752347218835476,-1.5912071643432422,-1.5445399214356,-0.08655269319704065,-0.14482693936633675
medium_brown_glass,0.5074561760864584,-0.36853988402743865,0.29370273380043616,0.1968164337534256,-2.0055999341719595,-1.4964497967850476,-0.9205730808983539
medium_brown_rice,1.1358731952676653,0.9860099935027644,0.7074824269918506,2.816769557622303,1.9305317144087302,-1.4061454129644781,-0.7896986791161313
medium_brown_rice,1.7933250082740158,0.7185090097114168,0.6486933340105293,1.9775716447254799,-1.3401689155504506,-0.8911881142522307,2.8033626576399824
medium_brown_rice,-0.1575959947898796,-1.0406889176735448,-0.11239002688376462,2.365554286078436,0.1613872086452767,4.766628664041036,-0.8827812458935211
medium_brown_rice,-0.9638237039771352,-1.2879551224758996,-0.21782828236784824,-0.14315743585768498,2.2014943552348827,-0.8234857072864968,-0.0911650878616865
medium_brown_rice,-0.4799281678180753,-0.8951958104800137,-0.001356721305658927,0.14855197504308493,1.121064639919004,-0.16392648335488907,-0.7340017239611104
medium_brown_rice,-0.4640840793552929,-0.6188196277515429,0.14938864208928923,-0.06240511799103754,1.582318712741027,-1.8941399890459678,0.11146970722141852
medium_brown_rice,-1.8641076930614737,-2.960220791204167,-1.3439260003404914,-3.462856714374323,0.04139843831420294,6.552646379481443,0.6366553147917292
medium_brown_rice,0.07563993892674753,-1.2084501355553805,0.14817429150238112,-0.21799979410318251,-1.3915399130815718,-0.6321450878313373,0.001668931891491103
medium_brown_rice,-0.7795556430514301,-0.6242529388525448,0.10076211588566891,-1.4976614203288618,-1.3931842069246143,-0.04007372249681109,-0.05365503912954972
medium_brown_rice,0.3377455928735818,-0.2783807956847618,0.4692570722373631,-0.7874038362558343,-2.071787850005525,-2.1030483242318465,-1.1343079967846499
medium_brown_beans,1.5581481516326714,1.1261927699119618,0.7126900379212989,3.0569689495074526,1.7701704606543747,-1.3113158723393992,-0.7177455292306469
medium_brown_beans,1.4027298997241877,0.41383996419258035,0.4639472020773698,1.337882545623795,-0.8398939789457085,-1.0682881562040085,2.7931450043665738
medium_brown_beans,-0.5866265313585023,-1.1241446494878338,-0.2712193284628329,1.1645710274137149,1.5687552544534733,2.838917801937851,-0.6883607153355499
medium_brown_beans,-0.9333961126503396,-0.5947575940329037,-0.14224613164884586,-0.09306140395071144,2.165857870060503,-0.22187338540180576,0.19971124336955062
medium_brown_beans,-0.513104455781203,-0.42402361979263087,0.1023466542754145,0.0228692635384615,1.490869465381037,-0.43142495010602055,-0.5821872419988084
medium_brown_beans,-0.6269160030487156,-0.8124961933032562,-0.01181406151856813,0.6589930419748516,1.684763855968738,-2.0002547535790947,0.11889752672790171
medium_brown_beans,-1.936783273123105,-2.625023952728621,-1.2736033079293343,-3.7759044200995002,-0.3069322580290151,5.916408987155295,0.7169975535749319
medium_brown_beans,0.5552273351907473,-0.7476254687186104,0.18986828967073938,-0.31687363014332376,-1.1225435509724904,-1.3209913510260374,-0.03466624117911378
medium_brown_beans,-0.8600452683559409,-1.3180446664772438,-0.003727545672050702,-1.4466726703679078,-1.268826234083042,-0.8276007588306283,-0.356324401472486
medium_brown_beans,0.2757573708787871,-0.0025737458804942085,0.45026540960717915,-0.5286486117835213,-2.229527004513536,-1.5874925254005818,-1.2642440816981528
medium_brown_screws,0.8684337462333517,0.6303290002337905,0.34196582041548346,3.049523348115427,2.000145179473896,-1.4838164569071852,-0.2322599278040625
medium_brown_screws,1.033882536989415,-0.051930968537758596,0.437257559563689,1.5557138950689182,-0.8767050316695524,-1.3799852354485513,3.358851270619325
medium_brown_screws,-0.9068407404335703,-1.367650334630495,-0.37602430978427137,1.1491666808742687,2.0403861992886667,1.568232107105683,-0.23807289727641603
medium_brown_screws,-1.1021446445038534,-1.5622733070397863,-0.2449429517574184,0.5434495300860545,1.5600992753264733,0.6408157180789231,-0.179729250663821
medium_brown_screws,-0.8490288081937996,-0.7701588158758648,0.11512456008572187,0.5512793252638144,0.48443233608225866,0.11460563141748947,-0.13664982038484122
medium_brown_screws,-1.1987680716751608,-0.6709380807411292,0.22619687087022,1.2628067845071507,1.5276592685459767,-1.724667665199008,0.15636977288179632
medium_brown_screws,-2.4105678564952018,-2.7330608771636697,-1.5590028287494169,-4.102116336084967,0.368998567894268,4.921553787770318,0.9527116102996076
medium_brown_screws,-0.1349649257185641,-0.5807436593877453,0.20991496247086586,-0.4780712483043826,-1.4438220015009966,-2.0829211847516587,0.18225526077451906
medium_brown_screws,-0.601251892925659,-0.9032148807715371,0.09969759719807682,-0.89048290574964,-1.4571663733597435,-1.4736644524607891,-0.10537534060624493
medium_brown_screws,0.31393999759134583,-0.7606012011430392,0.4137552259468818,-0.09560903654077306,-2.4735864684391764,-1.6810426984013198,-1.1373714874453422
medium_green_glass,1.0508595028771952,0.836634255503574,0.46723420523938436,3.296636286123083,1.558821015370612,-0.4623965017070464,-0.6115584141308379
medium_green_glass,1.2702294623874786,0.19381041499626747,0.38314495161092244,1.3737862287262366,-0.5098950908203069,-1.3295898141494917,2.9881880503148848
medium_green_glass,-0.4410333799134827,-1.297763379006165,-0.21655690307114173,1.2443946505032768,1.9320782589474217,0.35194124989171743,-0.6610871015244217
medium_green_glass,-0.8833080466170307,-1.0711332943954073,-0.12059704921124874,0.3136694255420015,2.078007451666695,-1.2271913908920071,-0.547458250978975
medium_green_glass,-0.6085587346496845,-0.8484918650219799,-0.05539210395661192,0.1782509414522264,1.1250399579355663,-0.254646389262561,-0.7803171126031756
medium_green_glass,-0.710323168684263,-0.32214417938942336,-0.13303829234545778,0.9563699329852096,1.2906068016956749,-0.7486028863333863,-0.06504088961872925
medium_green_glass,-1.7585142864002936,-3.0759723277702093,-1.592145826083649,-3.9670499102230563,0.6235157253532321,3.683774029462239,0.6345942870142346
medium_green_glass,0.207560319687614,-0.10950429478393628,0.0949086085205172,-0.4785429854022395,-1.4518303366165486,-1.4892203553550996,0.13546001143369257
medium_green_glass,-1.3511810764231926,-0.9653648848304232,-0.02288416772460085,-2.04671042235102,-1.5717958190957977,-1.51394768379517,-0.530918218875096
medium_green_glass,0.6278121343976084,-0.305321238627911,0.19958536282811573,-0.02655397207740596,-2.5325330323112993,-1.316527877311563,-1.0315059756437996
medium_green_rice,1.280493360928416,1.0724743748275802,0.6723686936998264,3.0760118541917034,1.618941830074804,-0.7709891259000365,-0.47036430823970055
medium_green_rice,1.757194956916855,0.24317234424507167,0.5815529974940435,1.405321419963073,-0.6178617759334478,-2.5248593305469034,2.656886238084467
medium_green_rice,-0.8450841926716226,-0.42425207678390164,6.732595063955451E-4,0.43732272065365313,2.096687810707449,0.3476073352978147,0.019368735265513064
medium_green_rice,-1.6199969499056208,-0.9235812830445886,-0.14471986478375848,-1.0451976611850666,2.5149310475475235,-1.6775924660619912,0.28505446972454085
medium_green_rice,0.002939811063402971,-0.6308280327968877,0.39892808528696017,0.23455678891188023,1.801949272986976,-1.5929280385360465,-1.2855824341826934
medium_green_rice,-0.4301041235306693,-0.18629787861816197,0.21679273587724063,0.5403944272282147,0.2090787282612717,0.18492726911317756,0.03178437964894832
medium_green_rice,-1.5706078957593599,-2.682297004995262,-1.1132922887810055,-3.652857675282117,0.14266831891992826,3.7819455069647323,0.3794340828412113
medium_green_rice,0.7852235061064049,-0.16700149539723952,0.4602757130507374,-0.4659698030751653,-1.376007987882182,-2.0446598442582973,-0.3162198831218834
medium_green_rice,-1.210105839069543,-0.9884415964525552,0.16565190514323505,-1.7679147858462614,-1.6026400630847737,-1.6273091771957424,-0.41229358272960986
medium_green_rice,0.8542226152230045,-0.1683631168512231,0.5725319233213496,0.10526572796691432,-2.627084402586072,-1.7338676224431877,-0.8443874388235595
medium_green_beans,0.991869457795483,1.442340095618721,0.5881290350156082,2.7313526462929736,1.8081429476473765,0.3259504270902457,-0.42997473225185345
medium_green_beans,1.55069752601798,0.7623732261813913,0.516562633552867,0.8685239341899438,0.20634655701460558,-2.721797255692805,2.9955544567682684
medium_green_beans,-0.7071527615347469,-0.5687850224721194,-0.03165724092909066,0.45488017099512457,1.922054797189014,1.174159226312926,-0.45705881891575517
medium_green_beans,-1.1228235841145318,-0.6666056280602544,-0.09435195013750879,-0.7772935313553833,2.3063931703665377,-1.642023400655353,-0.33456677571135107
medium_green_beans,-0.5840424826497812,-0.2560030987468571,0.2148580967883581,-0.4377243482599612,1.823206006707913,-1.875291594749562,-0.656774626775627
medium_green_beans,-0.4955925213382667,-0.5760726026708577,-0.012906787556176637,-0.18002825730338598,1.1277145845005534,-0.5398434686572475,0.059871679377848736
medium_green_beans,-1.8136402008782484,-2.452517232657644,-1.1482783201018094,-4.463292746210774,1.3201126649117514,1.8782757421974376,0.9103943406628521
medium_green_beans,0.1494765760058726,-0.4254074043065068,0.26851433306813466,-1.092369427681976,-1.1337464883915445,-2.2266211068034396,0.017569885258303407
medium_green_beans,-0.7333121085258862,-0.7062746629133216,0.058845516462169775,-1.8686154462641218,-1.0715532774205456,-1.0473218085939104,-0.311110570748073
medium_green_beans,0.44759008561878555,-0.5788153682247004,0.23495805951916893,-0.7012613801844547,-1.9511705937022483,-1.1388249439673634,-0.7533237788322154
medium_green_screws,0.8248921980894868,1.9137043918770713,0.8877898561399318,3.6964301178092476,0.454895518363234,1.2893764348067582,0.15911230344889127
medium_green_screws,1.3027859880937944,0.6540390695338034,0.40633996311429676,1.651030764686549,-0.8372242661821595,-1.85233130630241,2.970769457086581
medium_green_screws,-1.252379068928352,-0.9326238833559857,-0.2785018317440556,0.2957557009892652,1.9106328140327762,0.4493564185380208,0.6909346047782613
medium_green_screws,-0.8959015606043192,-0.36814018464650633,-0.22800942400106966,-0.15807108379167814,1.6900942540935768,-1.565098974808254,-0.17679123930384036
medium_green_screws,-0.7033452908027256,-0.1916031682473897,0.060871391023596164,-0.2565197436130627,2.0578116304512175,-2.376848376717311,0.035646309922851296
medium_green_screws,-1.0482811701190615,-0.6732006063896027,-0.17138950043916706,0.2048633758350814,1.773690628852608,-1.5204190787590781,-0.33402448405811785
medium_green_screws,-1.8292142555681465,-2.540566722698727,-1.1466065863791548,-3.8750254358382397,0.8031557094601559,1.5684276851223626,0.9242666565840443
medium_green_screws,-0.14837068722359686,-0.40070035702090356,-0.07394837675084236,-1.1103274902021116,-1.826143399732308,-1.0881314247566034,-0.07236117610775597
medium_green_screws,-1.2320914862415038,-1.1928367845889212,-0.3013185192926848,-1.7716305146693472,-1.7571612151014873,-0.9077671599662792,-0.07014440663112086
medium_green_screws,0.2777910266981335,-0.7707236522409454,0.4566224713838153,-0.4117143791523913,-2.462520904407564,-1.7591138514538747,-0.8411632517181786
medium_blue_glass,1.4037318582838316,0.9858839693152495,0.5589681155154591,3.8630020308622446,1.2675234585243083,0.11874384378766324,-0.8746236550946878
medium_blue_glass,1.5520027108315022,0.18536326311990098,0.2462652544344511,1.8545558055457187,-1.4632725014855972,0.4398880579184551,2.7677474948919754
medium_blue_glass,0.844485567534679,1.0254620460514388,0.4319695438373958,2.2024124581099334,2.824546782281468,-0.8312230187998122,0.21246926524928494
medium_blue_glass,-1.203327631100232,-1.4668935593694803,-0.35540775188264845,-0.007232891832325519,3.046457444586932,-0.7797584869717079,-0.028802646432580382
medium_blue_glass,-0.5569420517093648,-1.1772287530425554,-0.1126585491365773,0.6099675812793585,1.3475315335262856,-0.3570378820407157,-1.0881880195862221
medium_blue_glass,-1.3663782998791854,0.08600417465541749,-0.13488939452196966,0.9620711693008964,1.1658743981583601,-1.3734019978619192,0.20253091483434119
medium_blue_glass,-1.2285279707744763,-0.16859864809756311,-0.05745595148340661,0.037452595504434354,1.5842965517071237,-1.696193699955808,0.4446462917372027
medium_blue_glass,0.5241166994664902,-0.49151878963593576,0.21868486791187988,0.061038391032230924,-1.6920591431414176,-1.365164594850256,-0.37144357549285373
medium_blue_glass,-0.8765119028081494,-0.6909810120540095,-0.03651588460916121,-1.7916956161886768,-0.8406156564315781,-0.4163160011019808,0.3708964673242936
medium_blue_glass,0.3037676753227448,-0.7049931115488326,0.27471296096977393,0.09531017304499935,-2.786428941619786,-0.9545269467104722,-1.4789640219270597
medium_blue_rice,1.2922241720354746,1.4791317406884308,0.7544265797171471,3.6602873663511732,0.7804431656778069,0.26297477366439215,-0.5904903735805304
medium_blue_rice,1.6958537635305588,0.488274659264817,0.5628550460654171,1.657866829223503,-0.9913570654201342,-0.34485783819455007,3.305323420909919
medium_blue_rice,0.902508882057718,1.011183417489184,0.7140875909358955,2.209649181981839,2.8459949333874213,-0.5048319740782735,-0.16530027561559113
medium_blue_rice,-1.153280481752109,-0.8883280998777408,0.06110033799919339,-0.5618114373151835,2.7455227565567415,-0.8379041386405082,-0.354248214357792
medium_blue_rice,-0.18440900540611743,-0.891053749173964,0.20642739212048763,0.808462149669356,1.6150620405540685,0.09535815881716651,-0.3635150624232519
medium_blue_rice,-1.0389174970875081,-0.6603765722697525,0.08319767053869426,0.573254784107001,1.181980614230931,-1.1701013334632973,-0.057119467500287735
medium_blue_rice,-0.33213585281409874,-0.13160988423064077,0.043966318206287575,0.11974169879712383,0.9502056750177845,-1.4061054120160277,0.7169911511999716
medium_blue_rice,0.017025377145591318,-0.5356175575897619,0.15129442315882496,-0.5130882703977436,-0.8082986539499833,-0.5471303010090047,0.39265272218384795
medium_blue_rice,-0.6442204125810832,-0.8255629773335206,-0.009817144586243241,-1.6334878170879414,-1.2880789007481315,-0.41333589657467074,0.33259570913952163
medium_blue_rice,1.4533672575608176,-0.5753111568880455,0.5776415601627624,1.7540221749874279,-0.9185494378971288,0.16309900670454147,0.045550893453464206
medium_blue_beans,1.61209359376241,1.0422690566450747,0.527484125223509,3.8946890132563365,0.973402075145089,1.259262445831405,-1.0257252342642411
medium_blue_beans,1.765806893968467,0.29064608860057967,0.32975923933489326,1.7907024794297381,-0.6523909851849521,-0.5599291311859306,3.0817213351412107
medium_blue_beans,0.8462412368356018,1.5019584159010004,0.5328587343161856,2.226834930057931,2.5591596858386394,-0.1801284688285888,0.47331762249259157
medium_blue_beans,-0.9314428015485623,-0.9150902032651071,0.044076089792839813,-0.5592376087794554,2.7443450626841055,-1.4468044344783988,-0.9761265996379185
medium_blue_beans,-0.3466585487981093,-0.963315422145728,0.09179759488768946,0.4686096670696198,1.1722693248343183,-0.3224713771300143,-1.179330320121571
medium_blue_beans,-0.5421375808661292,-0.17771337578896576,0.12674592421306227,0.6597288964702805,1.2953760675357753,-0.6194229400334862,-0.08362988534630322
medium_blue_beans,-0.685052282710931,-0.45522259169286217,-0.06168153639486178,0.4704641468573238,0.47556666864813274,0.5359741254142152,0.1513019114761465
medium_blue_beans,0.2683677590626508,-0.7993493203806015,0.08484128854867025,-0.7031273737167002,-0.6067680975273999,-0.7530276133751144,0.41037864486374337
medium_blue_beans,-0.8499135243477602,-1.053541159233867,0.09996466145404452,-1.4792138538894715,-1.3156913516518343,-0.48435959550005075,-0.23148995094431726
medium_blue_beans,0.2731375597938357,-0.949140033120368,0.25495825472987876,-0.13841360972173286,-2.90555485998963,0.12014426134549953,-1.2854070217291274
medium_blue_screws,1.0435041969735561,0.6201086869841993,0.507823913568813,3.8463247282034603,1.5189780666224393,0.19441531984916438,-0.06461787337354416
medium_blue_screws,1.3461388962770162,0.49426475280885124,0.44631439221606667,2.2087153426550783,-1.522898080073437,0.46920991039567855,3.2494062501277536
medium_blue_screws,-1.133548964651594,-1.6545187025277457,-0.6468614837317308,2.569433833883672,0.31631508468118225,5.1640908039329725,-1.001440627440391
medium_blue_screws,-1.4318916181888404,-0.3684217152749091,-0.42401529362224827,-0.4569110099162005,2.8311608218969235,-0.928525220262682,0.2082474035067267
medium_blue_screws,-0.6366794818059092,-1.067979338578539,-0.3073510361260407,0.2111916948664665,1.457439328214826,0.03367068308146185,-0.6842732809920299
medium_blue_screws,-1.3754491715714319,-0.6409741597192544,-0.14008578426895793,1.4533853065626559,0.9505272777689191,-0.5521990769736385,0.30895433602842887
medium_blue_screws,-0.727565934214377,-1.1902492402406353,-0.19647026410241042,0.42005640106456454,0.6246967217712045,-0.674592109550472,0.7130198377016769
medium_blue_screws,-0.4688117749477264,-1.1335195072154989,0.17495318014260586,-0.7440320358266354,-1.2326363473472866,-1.2164481297900074,-0.06745130501987583
medium_blue_screws,-1.1362699245248347,-0.878424896294973,0.08776501331182245,-1.4968850306682842,-1.576792844514063,-0.6104188570131055,0.25756976777154456
medium_blue_screws,0.25125190498720645,-0.7080080753158678,0.5060080121466689,0.686708298743341,-2.152430191352957,-1.6181104139857636,-0.4326599437274456
heavy_brown_glass,-2.7645220383742606,-0.9327016299315407,0.25374309688983243,3.533086352536386,2.0959579942259468,-0.520128773103451,0.2684112235354874
heavy_brown_glass,-2.3137910349692583,-1.2394305923987101,0.5615708090958859,2.810178040768319,-1.4112555608987456,-1.6782564827894315,3.1773496705012114
heavy_brown_glass,-5.1879519996920305,-3.2946385310254196,-0.5283829637290333,1.0674022008792823,2.995531080032314,1.0403899280517248,0.4640423540350506
heavy_brown_glass,-5.524937100092362,-3.43322749921612,-0.7336491001162565,0.3462892575805754,1.4159593407501798,1.1163401740998866,-0.10848235530170183
heavy_brown_glass,-5.197470272899715,-2.667767956251185,-0.47307363063148067,3.112364777743333,-0.9163175924865616,3.1189388218615712,-0.22909045893775257
heavy_brown_glass,-5.994931186287097,-2.690207342918582,-0.22800590020232836,1.2784360167384512,0.4412369100746958,0.31755849536833125,-0.6375750914426138
heavy_brown_glass,-7.1052400202405215,-5.125677202606696,-1.7261429680638711,-5.53186187162291,0.6974568969028198,1.1989030210809268,0.8852251303726356
heavy_brown_glass,-5.288891782315727,-2.795746507306699,-0.04347879515481213,-0.5229555188307375,-1.9738598804081287,-2.52847478541646,-0.3073959651366731
heavy_brown_glass,-5.881348508443547,-2.8758760080299566,-0.045676845097607915,-0.9859183668978916,-2.3657453486891566,-1.6908605315478265,-0.7420568090364087
heavy_brown_glass,-4.740138988345563,-3.110694637267397,0.013059137960788003,0.3161449922600175,-4.046644360659359,-1.1465645781443035,-1.5462057884390281
heavy_brown_rice,-2.826422266380822,-0.8311920028437408,0.44234611132466356,3.4865243812480657,1.870565070068003,-0.12837995036570563,0.14393210094676057
heavy_brown_rice,-1.977409092789141,-0.6688493631419844,0.7264385696285474,2.737842532313216,-1.4822041315544774,-1.7364914947594818,3.413391740528215
heavy_brown_rice,-4.95946119984038,-2.9124009009860172,-0.3392340313358141,1.059822587714881,2.562866849178517,1.4835218658228684,0.5432534049687524
heavy_brown_rice,-5.370686520442657,-2.3820844366208074,-0.23580293435521282,-0.2483812371890154,1.2846120827733134,-0.3497700340222037,-0.11384116186761117
heavy_brown_rice,-5.023724652529525,-2.4382300420598684,0.03535269998178861,3.011142574594178,-1.2019691080019526,3.639666050258184,-0.9681687360559057
heavy_brown_rice,-5.814201875484365,-2.535631264634074,-0.14737709784564867,1.166227883018299,0.40644901064329925,0.14068112002163463,-0.5383450520518035
heavy_brown_rice,-6.74952983816698,-4.569472696372636,-1.5708360945298063,-5.756473001494948,0.14313544598637423,1.9016785381718215,0.810231325688093
heavy_brown_rice,-4.958381158756439,-2.930892107944314,0.05492098887741338,-0.624425853545439,-2.2441485374856955,-2.390041436915027,-0.4194339073641317
heavy_brown_rice,-5.236565522324922,-2.696155731326295,0.09712421055115761,-0.5256237371551996,-2.7682055336093088,-0.5501962085312883,-0.9176539135568382
heavy_brown_rice,-4.281094231447554,-2.1477725972717447,0.44450344333250585,-0.07208033213707882,-2.419480383672547,-2.486521826743451,-1.2020233716477444
heavy_brown_beans,-2.6821471372796544,-0.5459258409753486,0.3514590614753108,3.1739297238613067,1.6297346797291257,0.2017388913186999,0.08209856445624633
heavy_brown_beans,-2.4543677506692254,-0.8255126081558511,0.5792972687822917,1.84486566095411,-0.8982553879115114,-2.043586247971247,3.6838757796882518
heavy_brown_beans,-4.671028840156379,-2.6874085372105263,-0.45667625668944334,1.039894759970486,1.6706512828726852,2.4193237492084556,0.34809617622353717
heavy_brown_beans,-5.341820521279433,-2.250537820541713,-0.2800885472102656,-0.5162553517331531,1.5275550644025615,-1.2087085567314833,0.0390333889050319
heavy_brown_beans,-4.966255406092394,-2.321865226476161,-0.12638787903076612,2.9526229475409016,-1.423423468454701,4.582957503477337,-1.1825132354289876
heavy_brown_beans,-5.315118882569415,-2.2562967239885707,-0.11184841712591369,1.3496995254252173,0.42543297820164405,-0.5630147045857761,-0.7686266177766263
heavy_brown_beans,-6.9783459800908885,-4.73194597820801,-1.6185528152993616,-6.1041992953116955,0.10526853582255197,1.9776653451374715,0.7982901277042105
heavy_brown_beans,-4.809282967497567,-2.2622059763770315,0.08722418455491532,-0.5947118360991736,-2.2605707667096606,-1.5752064569050057,-0.4426527676405938
heavy_brown_beans,-5.605336893180347,-2.417127272870583,-0.00873676963709972,-1.2056396886703684,-3.07385083452938,-0.710329975575335,-0.6833058967318183
heavy_brown_beans,-3.8398684893375687,-1.618553127027109,0.43198811727376013,0.20830844127956763,-3.166224745920318,-2.0179454601570512,-1.2464477681639627
heavy_brown_screws,-2.990644134882516,-0.8362943656740124,0.6578689087252775,4.517166309131465,0.7735915844285591,1.121177922859253,1.0654107989115496
heavy_brown_screws,-2.8620675288756665,-1.3235373607190508,0.8308224489065597,2.6798666675117757,-1.5949808754188726,-2.0316954489130734,3.26090852865061
heavy_brown_screws,-5.197287019629621,-2.6180543377322207,-0.2536257798871672,1.2609929728831855,2.7502947248822625,0.32722779975172217,0.41281836293588076
heavy_brown_screws,-6.144834044796321,-2.1740422452533106,0.010540525212238375,-0.6812468054668931,1.5265470691180525,-1.5703408668758083,0.3701158012564708
heavy_brown_screws,-5.6957040066484925,-2.365255722622291,0.06531252883022803,2.7973772848241825,-0.7713158286224306,3.6694737090573177,-1.038089001827974
heavy_brown_screws,-5.731285991072207,-2.047647014072081,0.21251935346038128,1.8131456122163119,0.42751829284187937,-0.3595753771331994,0.19003391301151812
heavy_brown_screws,-7.5897001053822315,-4.534619461172216,-1.3294113582546416,-5.478642198214871,0.6664894874396299,1.8211425001552206,1.5233734637761518
heavy_brown_screws,-5.50009320126006,-2.800752823361905,-0.0614827329964012,-0.24769556151632532,-1.9908353129514549,-1.8559717796643196,-0.2324524725913532
heavy_brown_screws,-5.972904457409564,-2.5493331297721613,0.2754404053790243,-0.7325940510020479,-3.438831688916558,-0.9884944363026114,-0.20496418957880452
heavy_brown_screws,-4.95046722312017,-2.724433672749257,0.4108731578520032,0.27274011990371927,-3.590713664831853,-1.4667141559814556,-0.961536312243058
heavy_green_glass,-3.4214149074053406,-0.7250216014225812,0.12372635438275936,3.946404496746115,0.7099737043300919,2.200026292089615,0.09065807112403557
heavy_green_glass,-2.4580062105166562,-1.3742838029076154,0.5285417410911246,2.36099445339951,-0.897496417455472,-1.838457675246714,3.235463009819467
heavy_green_glass,-5.771722507908909,-3.0153183107137806,-0.4586214792338985,0.2735327748760673,3.016420961231985,-0.04115567599779516,0.41411451549395956
heavy_green_glass,-6.072136296098101,-2.4055270130708646,-0.36704595976364346,-1.1427302616552648,2.1077582545804856,-1.0022011900364223,-0.057464871476747933
heavy_green_glass,-5.5881017949330944,-2.614793744990045,-0.1023893071046302,2.142366708295831,-0.7703900737276528,1.7806967248150318,-1.3309932638617885
heavy_green_glass,-5.686764921465185,-2.199970895549582,0.02216599785854048,1.65238725668237,0.6359737353544688,8.777821033011599E-4,-0.037619581605714256
heavy_green_glass,-7.794814478308963,-4.433729964311973,-1.5564425604297474,-6.179100897244233,0.1798465319533514,2.742684738974358,0.6696700317980954
heavy_green_glass,-5.458694242552681,-2.6507200487472735,0.026652566555096673,-0.5534589694566028,-2.4282303872957853,-1.0706105836567448,-0.574697770682652
heavy_green_glass,-6.145332807341435,-2.6483993450463235,-0.015770731906264168,-1.4291601299740972,-3.4536957367080134,-0.8974525256783362,-1.151374686560057
heavy_green_glass,-4.617391727507762,-2.5171779426142264,0.27639649623823315,0.3887726239462916,-3.160074769324236,-1.614628359740331,-1.0671016377085174
heavy_green_rice,-2.9203799584515115,-0.6539266420697338,0.4041928318328948,3.468715751519928,0.7732665597306008,0.060910901318200705,-0.15628376631654434
heavy_green_rice,-2.336751633659251,-1.2289755338421615,0.6779630777008373,2.533770937787815,-1.771407499906287,-0.4708349069910843,3.1842416442908745
heavy_green_rice,-5.258414350369785,-2.712628561427853,-0.2179977285026619,0.5851249597790464,2.5681774211709913,0.10622632261255058,0.7809800321836533
heavy_green_rice,-5.257892179730898,-2.2968271778985736,-0.32158668699109233,-0.27100368656483664,2.249887208976019,-0.3265052157578005,0.5859557977890478
heavy_green_rice,-5.229114168872686,-1.892076122150178,0.1827544164318615,2.0058835562920274,-0.4064654639725576,1.212543593318247,-0.8671949545279437
heavy_green_rice,-5.379610377029183,-1.8213414322525814,0.1357311878937552,1.3104069506080216,0.5714822690699716,-1.9180312160892345,-0.2425289457796448
heavy_green_rice,-6.696514804609152,-4.9073594126129025,-1.6519733641922316,-5.387773863612033,-0.5483869585151046,3.8873011140978053,0.763246973923901
heavy_green_rice,-4.929041610160372,-2.4069378275375524,0.1539645244141843,-0.20828697400388582,-2.4148971500713157,-1.6025627562217473,-0.6087069489879045
heavy_green_rice,-5.717886476307743,-2.9609697473123293,0.051147020525456034,-1.0178137960684537,-3.534323341092838,-0.8444534099255683,-1.0450305498653623
heavy_green_rice,-4.396202420408475,-2.1103153066752642,0.40886266119521325,0.23616485446507493,-3.449980848629557,-1.5673387873113391,-1.2386177692076468
heavy_green_beans,-2.5292538333584105,-0.06258847235909885,0.428913496969718,3.247629203653189,1.7861638147426497,-0.2436852925103109,0.2057851583274919
heavy_green_beans,-57.23531838286795,43.917977280421916,28.727897718309695,-5.273987320613564,0.11745846986610686,2.5138110624446335,-0.07491824319570509
heavy_green_beans,-5.015790039318538,-2.6092792049971405,-0.41832665610459396,0.7581597008790543,2.486335265634828,1.8739105788731434,0.6177747239820783
heavy_green_beans,-5.517188935977144,-2.2833151192397554,-0.392364959155831,-0.9214686789757667,2.2891150813658467,-0.9415021701592045,0.22349228668938445
heavy_green_beans,-5.019797921195679,-1.6651581150307926,0.06727585713812145,2.552281985858018,0.0021711923484443382,2.33742845599932,-0.19141994266740092
heavy_green_beans,-4.901123315421862,-2.420228702306953,-0.028535703748936086,1.6529625195485032,0.26430154056415917,-1.6274824745117622,-0.9347322012457203
heavy_green_beans,-7.045345208248416,-5.066944668456883,-1.699661884297785,-6.857612349035757,0.3462281265638405,0.8723441356712047,0.6095010941809776
heavy_green_beans,-5.345280106599,-2.47200195349731,0.09772139300433123,-1.0900670136378083,-3.027448908851625,-1.7639311416543717,-1.105836331875152
heavy_green_beans,-5.650245728555401,-2.8658755998600296,-0.028892250273325433,-1.245370590543185,-3.0508107236169613,-0.6896265063388324,-1.229352451944478
heavy_green_beans,-4.416960128292864,-2.190942507939511,0.21728734644313363,0.24707155052575536,-3.2438043890418093,-1.051812334228219,-1.1353071301217479
heavy_green_screws,-3.4655997933103055,-1.0753739227760721,0.7039949030206507,3.7958602306597506,1.548256006825422,-0.8964344675910413,0.6366711965908142
heavy_green_screws,-1.9430330717956026,-1.4141844111559736,0.7182497369245496,5.7753432852934194,-5.158757985641128,4.728354028387718,3.9812166591922784
heavy_green_screws,-5.791566528376697,-3.0783254308440027,-0.03907547815214166,1.053985885188639,2.1155978139948437,-0.36313902772005124,1.2170685941677455
heavy_green_screws,-5.71196203786523,-2.7205112171973465,0.10246817849814047,-0.2787955315282478,1.4193146537711243,-0.217255157470707,-0.5244558271240645
heavy_green_screws,-5.287399356028324,-2.48221165994166,0.3474599834391538,3.149063046583796,-0.610724581747006,1.924749867156206,-0.10825771655419492
heavy_green_screws,-5.69358186358963,-2.5097074444811747,-0.20240180039699474,1.6716663880752551,0.2730024413059054,-1.4403797327658943,-0.11973140570084695
heavy_green_screws,-7.004405835711683,-4.467414978744163,-1.1927901905239056,-6.186180614415299,0.9318488484881358,-0.15169468760649488,1.7883178232845336
heavy_green_screws,-5.134672639455676,-2.683640689491761,0.44362987596115566,0.053358355958022546,-3.163349534725218,-1.6652308873173183,-0.6799515204329075
heavy_green_screws,-6.568317399495323,-3.59844588156982,0.08635360217478946,-1.1327038678657808,-3.5233032094310994,-0.312073826748926,-0.5838725869890959
heavy_green_screws,-4.1441498349926285,-2.8851001671224537,0.5916184572554101,1.5217008571930597,-2.957716109508529,-1.2364659345614406,-0.7500149659691597
heavy_blue_glass,-3.0355380104538985,-0.625346541155409,0.32248613180377805,3.405542654914499,1.9666068194815778,-0.10603001612379413,0.4704355535488468
heavy_blue_glass,-2.5131142174242216,-1.5624950894484702,0.5382914451432138,2.7936432608994646,-1.4206403915508272,-0.5214190971735039,2.947474614866425
heavy_blue_glass,-5.331950229159032,-3.343787582927465,-0.6352813706178521,0.8326329736697398,2.5243623982815233,1.8517117161186332,0.22798163706743443
heavy_blue_glass,-5.383892801628149,-2.413335219678049,-0.41221701488972434,0.41775476601868633,2.1172910999396173,-0.37877316708372066,0.27221874007315594
heavy_blue_glass,-5.0032992893038255,-2.5833075045112452,-0.22525631682648822,-0.1275703146700965,2.068254947903448,-1.9871720677243805,-0.2487814425879307
heavy_blue_glass,-5.977223734818042,-2.587012429614215,-0.23505239977932713,1.2599377721891758,1.223218898556787,-0.5985480856339893,-0.18622692760276843
heavy_blue_glass,-6.54855270095818,-4.771888858994151,-1.6560425656278766,-5.045610320616428,0.886681992991774,2.538921079342235,1.0013103524762255
heavy_blue_glass,-5.344950843658557,-2.8943604118966046,0.011274690073981568,-0.41651077378662793,-2.396076472259072,-1.605707527678438,-0.5903554095265107
heavy_blue_glass,-5.941027981638253,-3.397427202509097,-0.08380383406724949,-0.8130358283252936,-2.3935746495393637,-0.4281051113198406,-0.7211708233815946
heavy_blue_glass,-4.876365467634304,-2.8174421653125457,0.03760204094356622,0.24274758564039275,-3.060867555707333,-1.2528540386552778,-1.6261663687854813
heavy_blue_rice,-2.997405627990981,-0.3634714679094245,0.618047682647271,3.476457011779563,1.4416368037460476,-0.2738878770820579,0.27146759362991224
heavy_blue_rice,-2.159389133322467,-1.3829934186672863,0.616274927486602,2.8034180202664576,-1.6893943429707674,-0.39223720831188036,3.0601374655426543
heavy_blue_rice,-5.051232268166885,-3.312396861392464,-0.4085134429195906,1.0759142554840708,1.8009520000554107,1.9422004026233233,-0.26759304159595426
heavy_blue_rice,-5.478082653327534,-2.3411588995713166,-0.17989563119326984,-0.3349948082067118,1.5246293861134244,-0.24455369865312107,-0.43470384385860733
heavy_blue_rice,-5.009791359866556,-2.600966329205535,-0.22889743080261973,-0.1997337274961444,1.039724051322836,-0.7625340475985358,-0.36011465843097834
heavy_blue_rice,-5.492043873894262,-2.0822133877228217,0.12522294555685987,0.9942341894103407,0.9990238027683436,-2.1172919313249174,-0.3669616251731902
heavy_blue_rice,-6.728459105270861,-4.606447284548877,-1.5068632992647348,-5.471857894949403,0.5077323870563665,2.852587094408206,1.1406988881923408
heavy_blue_rice,-4.9567444812003405,-2.577500455491863,0.04548439568300579,-0.392724293831155,-2.4253851584799913,-1.545536288270466,-0.5281426064911435
heavy_blue_rice,-5.891498349515584,-3.084211818871544,-0.08587014511297875,-1.2657166817010632,-3.4396095251301366,-0.4998486967198963,-1.1149218618373877
heavy_blue_rice,-4.822088481386946,-2.6530267056652406,0.21016368493496768,-0.38625898457019453,-2.9838849756776926,-1.4239460534631307,-1.1128468542437926
heavy_blue_beans,-2.326889608832424,-0.7760771306366232,0.46263027910079385,3.935483175970016,1.6737766493977424,-0.1471620243435523,-0.035057858752014046
heavy_blue_beans,-2.176184562434901,-1.1977365819953822,0.5443468881555311,2.478682794439411,-1.303407641624513,-0.8466958959936411,3.082531896739742
heavy_blue_beans,-4.841155492285542,-3.1232283875145894,-0.5439647012833211,0.8847108898560717,2.282045200114428,1.7967224834639621,0.49821366094322933
heavy_blue_beans,-5.707444272600469,-2.9838993902629145,-0.6807402814194062,-0.3535482982961057,1.0101571869215136,1.0542278736318562,0.11665974003960963
heavy_blue_beans,-4.775400827244176,-2.7405626225606032,-0.4451453446079891,0.10221761195092435,1.3563606067973568,0.29496610269170764,-0.30136987137046456
heavy_blue_beans,-5.565492576648386,-2.4025880550153884,-0.22245159038118978,0.9290965179966135,1.0287334515606879,-1.8010650404679458,-0.38304204301433015
heavy_blue_beans,-6.674099078475623,-5.003584661404368,-1.7546453336085683,-5.734327703118311,0.7487754527257449,2.7375626726594318,0.9620269257628159
heavy_blue_beans,-5.26875431890763,-2.8121786012485996,-0.025565897147421267,-0.6466660784679884,-3.0036943096836928,-1.1181469475694212,-0.918861304288312
heavy_blue_beans,-5.993865509497907,-2.3716878894882263,-0.04395584356438026,-1.6777439176334783,-2.4290970198969988,-0.6383867024921227,-0.44367049419582877
heavy_blue_beans,-4.39304498534377,-2.161493767064433,0.22042079103265727,0.06469007942380564,-3.1444011775566967,-1.0093603189055782,-1.0755854274445358
heavy_blue_screws,-3.2316960365805585,-0.5815366461981589,-0.047137319103940936,3.6109002211578476,1.8190674999945433,-0.4980399409032153,0.5590746242171103
heavy_blue_screws,-2.52991038566131,-1.209809064618216,0.840538221335773,2.925150046488885,-1.5628854393365093,-1.117434441694486,3.362718085719734
heavy_blue_screws,-5.403396607568438,-2.6378683638989244,0.0998640444447772,1.2801847523777277,1.976498799702298,0.7120750779487987,1.333337968555177
heavy_blue_screws,-5.415936036533545,-3.22280468716374,-0.1921507281385582,0.8416042356479804,0.5326065144747186,0.8813055222449505,0.23480837531036045
heavy_blue_screws,-5.224907748927386,-2.7683507711187127,-0.39842559283291973,0.5719185236867543,0.8335204329469904,0.02673064823599887,-0.09475096319792996
heavy_blue_screws,-6.267751067781191,-2.1899770928497833,0.2900404723802868,1.3630682253579605,0.6488159159141831,-1.4132533215734222,0.09042472086811186
heavy_blue_screws,-7.318113072036887,-4.89221609930263,-1.7697223406174494,-5.623085881589729,1.0224929098723223,0.8556592967200651,0.639710394222787
heavy_blue_screws,-1.4943137602072456,-2.0319052744790276,0.7156827741194646,6.230816957578713,-5.238452796589273,3.6681540135928423,2.929464783682049
heavy_blue_screws,-6.105568897239278,-2.9028210997818986,0.2635497705022613,-1.0102089428318861,-2.072920992415943,-2.0836290911581963,0.2465853214811123
heavy_blue_screws,-4.454978277883601,-3.354220000130137,-0.04673997690509193,1.5457629723831228,-4.273834929602966,0.4482164738767074,-0.9568311675404064
