light_brown_glass,-7.581096109918613,3.6239492349089755,4.994023404336093,4.363156886648935,-1.8025697611617866,0.18440167691449005,0.1600926944683808,-0.4942894451892011
light_brown_glass,-0.3636650995845486,0.3623732335982311,-6.030792379100583,2.3413596029308525,1.846625694645602,1.7188305177182799,-0.6460665492126089,-0.9062090091895459
light_brown_glass,-3.6024510236530753,-0.013878411546424357,1.8691905563138302,0.4582782700174628,3.124677609796891,-0.022907624863566477,0.2696033367091174,-1.9911018782246923
light_brown_glass,-3.666751241054519,0.07641537551137383,0.11627285061629508,-2.3456097008850136,4.185710223923118,0.7159822107180661,-0.2104682495612832,-0.14945611293380398
light_brown_glass,-5.29895551975941,0.8807017307063842,-1.6792943345345865,2.1804046010730547,0.2677484892808943,-2.969779448530218,1.0802514282795772,-0.4249036283602684
light_brown_glass,-4.809523046856997,0.36689850736119195,-0.007920789689455528,1.8871298007430946,1.732232081613287,-1.3269499890675807,0.5881545097617396,-1.323370678756292
light_brown_glass,7.059863106075434,0.5863835604726185,1.1152633662498306,2.9563337112646217,1.948435772174555,-1.0510984529132645,0.695026771251682,0.03746398664722875
light_brown_glass,7.368832900805637,-0.4449955185952066,0.9402483532753849,1.671489826789772,0.4826532713096257,-0.32234868826923585,1.8556532219614696,-1.3156239698787373
light_brown_glass,6.591627090244014,-1.3789668817370102,1.9703738160157032,0.4576143219658743,0.14807491397086175,-0.243502282371597,0.7946035754311314,-0.37762761168389886
light_brown_glass,5.867370151633262,0.6968949943713587,1.2327186066747169,2.1637355514508796,2.002384771481502,0.3044704302997303,-1.3889226457975474,0.6959302797492833
light_brown_rice,-7.82623804575937,3.463812263094543,4.7523175806691045,4.020846314500199,-1.800281047915049,0.48128854480824645,0.5493081984943965,-0.19767346880561093
light_brown_rice,0.0069062357687131315,-0.0672760854083711,-6.986924851616921,2.707016365255178,1.1210708177134183,1.0008273928767712,0.8661424089135025,-0.24084549820998413
light_brown_rice,-4.4045905349715255,-0.18883309912181484,1.654372252364121,-0.622801194662096,3.213321872036279,0.6735732255702899,-0.7208685289326439,-1.4775699597670149
light_brown_rice,-4.693741218132028,-0.4630710464104757,1.1318594999740657,-1.221754703327982,3.2499399725406795,-0.21758930501769522,0.5815241725075396,0.054843764099232604
light_brown_rice,-5.479638274049458,0.5969591562907633,-1.8921981621612551,1.5891204351946409,-0.39951495560565997,-2.9299725760002318,0.7292763089736001,-0.28460340956060715
light_brown_rice,-4.3398606525741386,0.06749042897776372,-0.3760051594626489,0.7530267276427053,0.6476266568898124,-1.074287033536882,0.4866759106336609,-1.3426120036286975
light_brown_rice,7.103564861633533,0.6853163030532211,0.6644920355982105,2.267501471891146,2.6628327794462727,-1.0844660645355373,-0.3266599040298075,0.15659529674110403
light_brown_rice,6.780702451594376,-0.697776140870149,1.1193712757834458,1.202563934098651,0.6606228082278834,0.15159923359866206,1.162009331505336,-1.0650815567220437
light_brown_rice,6.373310574016877,-1.698899549754804,2.0857530515209683,0.22040994019729238,0.6447157608209696,0.38324805654933236,0.7756829361016351,-0.2771726940335377
light_brown_rice,5.672857917477616,0.937844781710392,0.5562961139076252,2.387178454144306,2.203342954586592,0.315780641586955,-1.6071291116713347,0.5809389424222808
light_brown_beans,-8.124986370929712,3.517841295459066,4.793407323198491,3.823061508739461,-1.3420724895724976,0.6985139869382548,0.5224544949766622,-0.3786218879025881
light_brown_beans,0.08064212448594875,0.11522794447792051,-6.39509212072487,2.098341355402551,1.3620066164484104,2.0047900702038084,1.1295606896593076,-0.4989400530945935
light_brown_beans,-4.570792337321376,-0.9741013696814187,1.243284705906466,-0.15386063993133275,3.167327310202332,-0.09408957805661805,0.18629741514926987,-1.2400468543441132
light_brown_beans,-5.863011282462432,1.239479906048559,0.7921743547626388,-3.6892078189846744,2.4029978464941943,0.5120030778592132,0.7325169221805737,-1.2057953702586235
light_brown_beans,-5.649297583583325,0.4223448945222965,-1.591393753816346,1.1919147985421985,-0.09679206072347374,-2.6668225232799587,0.37633246288959754,0.027141720858980006
light_brown_beans,-4.393223340908887,-0.40707566455875654,-0.3873358283073482,1.153012983194444,0.6886272707426154,-1.4438984582263894,0.6767528153963884,-1.0858300402386154
light_brown_beans,6.9316407590858855,0.43608100405127154,1.2980985061727144,1.968312850117597,1.941657451498339,-0.4646766786597457,0.8302126458565091,-0.04987576461278162
light_brown_beans,7.235660259983662,-0.4265678119416439,1.1160754025205442,0.8022007595485182,0.14329281026414398,0.20245533689045986,0.7996021901798981,-1.044464587205911
light_brown_beans,6.793975749611283,-1.353383986503779,1.2788126469428194,-0.1388577238487996,0.18622463438215836,-0.2707379474187641,0.17144527331617532,-0.7478517935994551
light_brown_beans,5.014165459912525,0.6268081799712036,1.0053141345488537,2.4479114824544137,1.7794095814639508,0.4094904194947836,-2.1918307388864737,0.09250780000146888
light_brown_screws,-8.131536383312262,3.334100593966584,3.676949308350109,2.928563439417658,-1.001497778202289,1.3534782861773207,-0.07923419238537366,-0.7491694924116532
light_brown_screws,-0.6263737173216921,-0.09061466051546144,-6.302135420961454,2.6534277929471424,1.368596607822337,2.512916253287101,0.9946897856730402,-0.7457859506126199
light_brown_screws,-5.062333317514327,-1.0611424817651784,1.1135484667205253,-0.2529467026319227,3.148247164099506,0.02822608656404431,-0.1304544228302805,-1.031945649937394
light_brown_screws,-5.222280781719233,-0.6809441057539519,0.9877512162933878,-1.4629748028495457,3.1965351028969256,0.3655624597332822,0.7553733076787028,-0.20929465443284045
light_brown_screws,-5.275775925374424,0.5894950258676444,-1.8812964915149455,0.7318593924955218,0.3856244338217707,-3.434099179638493,-0.6169445125528009,-0.435417809145059
light_brown_screws,-4.478634806832368,-0.36369013048128884,-0.4688269783259554,0.49310155704653774,0.8251935706092058,-1.1955965764254277,0.42270137942313674,-1.0870040306061617
light_brown_screws,7.404451712611378,0.6220061023743669,1.170083977592045,2.3971816607493195,2.1128610561115857,-0.18181257852398824,1.1423759340332955,0.35608692869573455
light_brown_screws,6.579727140329007,-1.1849195841068862,1.5644903056469024,1.1370774592984783,-0.29506342843638406,0.8003458105142305,1.46945224815352,-1.223417701205793
light_brown_screws,6.853742962322303,-1.008313666965859,1.2336848326593963,0.2468470211215837,0.03371665118982648,0.05676232640809421,0.36910431868324867,-0.7751575687200981
light_brown_screws,5.158919952618887,0.5225627696893764,0.5745722176906122,1.564447916879515,1.6423111496504708,0.2295675630742441,-2.202552216553069,-0.2905015060887971
light_green_glass,-8.800829573246345,2.7882173241397563,3.427265970406007,3.614909020645033,-1.166320111385577,0.5651750721422923,0.8146346927828666,0.4873818556807854
light_green_glass,-0.5774005707212359,-0.2767134725051346,-6.812215285015356,1.8586048245851912,1.171575311366308,3.5388666947905603,1.3061569517805547,-0.8241750785895803
light_green_glass,-4.138248163845071,-1.3697950088542796,1.1933648733462519,-0.8281691942162818,2.717796639657525,0.11177800210100902,1.0416410141906092,-0.8328110337394419
light_green_glass,-5.334329137239371,-0.730382730273098,0.5325581793733769,-1.7856041706339638,3.3297130563937642,0.6930429563914354,0.5059060665933715,0.07140285284370615
light_green_glass,-4.425420291645431,0.19332093824330218,-1.8908800401217098,1.1721309444186438,0.26278770562455395,-3.6891989768363236,0.04460375592243853,-0.17051813380637942
light_green_glass,-4.442973857129731,-0.7844705181129574,-0.6305979318374707,0.12439474559284855,0.19722930946064327,-1.348528281782152,0.5811222663979785,-1.0631117943307191
light_green_glass,7.054990199811705,-0.1774048266452774,0.8721297640330306,2.3020852161832273,1.2910362085211846,-0.5707509850036134,1.3214258305247084,0.24342663010109683
light_green_glass,7.119450937733223,-1.1506636110714052,1.629446942220125,0.5954277033864888,-0.0010419824207931368,0.17518409536092533,1.168205478260463,-0.4049572418555955
light_green_glass,6.945482591475041,-1.5817290643425244,1.661307132298922,-0.7759295835369133,-1.0606949059435402,-0.0374793051184255,0.7264521124021341,-0.2866886381135824
light_green_glass,4.889031886378179,0.6224242600228339,0.7274978781363782,1.3976417914594745,1.353591553420514,1.114590170708997,-2.3541074905727495,-0.21872649946840986
light_green_rice,-8.98433703417983,3.0015245901882883,2.7053100180152057,3.850662160603305,-0.6377647366489942,1.2280535613742416,1.6809334303384678,0.2611731328130859
light_green_rice,-0.28496394605230463,-0.5359015825799567,-6.823653470738009,2.0842354582223312,1.2493057515691026,2.927336848774894,1.4650810952372122,-0.45852777141164136
light_green_rice,-4.751300512866979,-1.2668368109570989,1.8347198092204031,-0.4461285823175586,3.0499095647672894,0.2562211516136399,0.7307626007383501,-0.25649296722596215
light_green_rice,-5.537907084355887,-0.6263512696528345,-0.011613413957834386,-1.3972922137599466,3.1433976198046216,1.0492246065838462,1.022568554968006,-1.141511843087597
light_green_rice,-5.251734271676624,0.35102484099699216,-1.7463217463283913,0.7147616718416872,0.18091617370742769,-3.2942383069036305,-0.011967044143902067,-0.2969413138178249
light_green_rice,-4.702938030535151,-0.44148544379543,-0.800326006122772,0.7780006893098752,0.61258970105435,-1.4466116105012887,0.23071527822147753,-1.353004701144899
light_green_rice,6.773184764300371,-0.21436326244445794,0.876524393104064,2.80881518092977,1.7231893024556622,-0.6841511828021737,1.3026224880150306,0.827551467666121
light_green_rice,7.181174979938724,-1.1349272438387716,1.538145691277528,-0.13989449900621137,-0.1092831182857708,0.6818480492179838,2.0415480287330667,-0.5795394655490118
light_green_rice,7.049069753831038,-1.4805917921673133,1.491389551710817,-0.24352867188214006,-0.3763164195397516,-0.9179468275648234,0.38506204244227227,-0.4687545370806136
light_green_rice,5.621588477103836,0.31191362355390406,0.9796655254128566,1.537780630077373,1.6805367599154997,0.32228336202025226,-2.205982838135617,0.05557888055833589
light_green_beans,-9.575082923593804,3.4735289594469254,3.0079352725901374,2.35071880504537,0.24302964427779794,3.985763885173522,0.7976657027805506,-0.04227885295473548
light_green_beans,-0.03664097698560692,-0.15886249557169424,-6.9166536036357185,2.084411812943324,1.5394029662659603,1.7688275788087031,0.6078598284023679,-0.22963999821027947
light_green_beans,-4.518617504817199,-0.44514975302812065,1.4289859465511983,-1.2797499688982243,3.2000023209835993,1.5516610123168335,0.26556773196096983,-0.7154051029854172
light_green_beans,-6.100693074764253,-0.5292719804572668,0.6380448724928265,-1.6853506945288284,3.097558245136914,0.8054785238102157,0.30538879985854445,-0.5679570940563493
light_green_beans,-4.743801095686222,0.13966287074085224,-1.8394152883467072,0.7982351162077296,0.015389438422486787,-3.1875214678197086,0.11246284356356206,0.08340344150707327
light_green_beans,-4.533984546599668,-0.8364034061346072,-0.5999113869558795,0.7249598498363905,0.27835745654701194,-1.4251093816958909,0.5657109857597237,-0.7403779657568588
light_green_beans,7.176808793320899,-0.5805340397501632,0.8184398687322497,2.604653078218505,1.4508222813722036,-0.6768536941487688,1.5536462802427558,0.8150562972959349
light_green_beans,7.301105878874087,-1.0925869866149807,1.2072494952096704,0.7142655649857312,0.13914541178472656,0.039786115892810475,1.2966143206159764,0.07949924981686182
light_green_beans,6.431653617725985,-1.7358455666638224,1.2672473289829034,-0.28344792995989215,-0.6580431178830463,-0.46218889374271654,0.5254475905512366,-0.6410920333607195
light_green_beans,5.346304458045493,0.45401433491500326,0.6878236723957127,1.56635605285711,1.6768342184701384,0.7247464300490811,-2.374618883847287,-0.131091303115269
light_green_screws,-9.223741438670281,2.4006908006266885,2.703040010573028,3.1747424795128785,0.09522327175143769,1.9763002752453622,1.2585230199923771,0.3436836055913855
light_green_screws,0.2649398373333619,-0.625621029373017,-6.574503977182433,1.3804442660936427,0.45426589584150545,1.2299982626101875,0.4329895410288287,0.7018211615461011
light_green_screws,-4.214110276228939,-1.4816384987864286,1.9446089222329996,-1.4430033135802853,2.596949962750634,1.220521495176678,0.8676002775751449,-0.6820607757518888
light_green_screws,-5.058915007378191,-0.8589500253266318,0.14357237890981098,-2.2153642176536876,2.9784743564083427,-0.08062539078736487,-0.3072021847249029,0.05753706182436054
light_green_screws,-4.6587548529436535,0.6742869189963067,-2.1790572707753544,1.545362592680283,0.17779212974877456,-2.9210450564150565,0.1812406814388316,-0.04976113438554221
light_green_screws,-5.08467339280693,-0.9910741008223319,-0.9948407949006367,0.548970180808445,-0.4288212446610241,-1.4093015883670126,0.724014373889935,-1.1540225964756798
light_green_screws,7.630716818429764,-0.7263008482896823,0.6912360688770075,2.649204846798639,1.3803623864443468,-1.054349990865001,1.8072940555736376,1.0677570900639528
light_green_screws,7.748473852865355,-1.2501702447718352,1.2592695604036594,-0.4296321372953649,-0.8331258010387722,-0.4165541992381359,0.7177944003926852,-0.2466967840718023
light_green_screws,6.905670352975524,-2.3321952761706237,1.5327416271776628,-0.8250807563857119,-0.5197227089434799,-0.8438572148288789,-0.2431288094655746,0.07768473626591205
light_green_screws,5.473445776887038,0.3785653613342996,0.4384302670948125,1.5966195163358337,1.7047432091798305,-0.24616983329876937,-2.4820112964147967,0.08582524425915738
light_blue_glass,-4.363887383603221,21.607283820313846,3.6365968532358472,0.06763615463753841,-2.016634878000169,-0.5622153612130734,1.1712235484007558,1.1516054995877854
light_blue_glass,6.40783982334687,19.682165703091265,-4.2792404672719275,-2.2102836038378584,-0.9975940064757001,1.3739730315308576,0.05748374190345572,-1.6936860894757004
light_blue_glass,7.973700595570275,19.971592340205333,-4.945007272059509,-2.327376666958495,-1.33367188645423,-0.39312127440472044,-0.34869571050272447,-1.387735640673422
light_blue_glass,0.0787832120831088,17.477442499855908,3.00017464619103,-5.064148340519428,2.600381575083402,0.902613697221759,-1.1185803352747046,-1.0285082800841892
light_blue_glass,1.1001607103555473,20.0172640537707,0.41804606264399663,-1.3709946472145735,-1.4262242397342613,-3.9647433116336286,-0.057915716634392406,-0.7791309046748255
light_blue_glass,0.6521162606612572,19.416375949435672,1.2216422296227358,-1.0607646173356327,-0.029442074202336754,-2.1691708111829167,0.4530266720806321,-0.6997021754747297
light_blue_glass,11.066020129699869,18.043626196172077,-0.17971243669313552,-3.0636822271322046,1.0392900277967028,-2.8990024887940073,2.1228610319498316,3.379015157800115
light_blue_glass,11.410668344496207,16.50652798583571,-0.518642218252082,-3.0595326169887493,0.8687102026071868,-0.024283299421061603,3.351849079344853,1.1489720217926085
light_blue_glass,10.347538922477794,16.707626170696553,-0.0394661807437906,-4.532828260991199,1.9113996455106472,0.1296480422275061,1.6004046385525892,2.5912133616147184
light_blue_glass,9.980989600471037,18.609225336428786,-0.8007308016574599,-3.097135498367494,2.1056476930085632,-0.8386574204817281,0.28992285821034336,2.7744325140143165
light_blue_rice,-7.000795706434649,4.472665720611636,5.119683813148317,3.9990838392090087,-1.573300369932852,-0.4361760436727321,-0.8432194717980644,0.011818864043261018
light_blue_rice,2.0613796469653862,1.3539749118526276,-3.248631046695511,3.2584678227703523,0.848173695947739,1.948635500092667,-2.0875586963926267,-3.7502917881190805
light_blue_rice,8.565038778130422,19.2409746016383,-5.139077669632338,-3.311608359494629,-1.8452694605311935,0.430161639647696,-1.6486110429368457,-2.2033633007497224
light_blue_rice,-2.4155569214819486,1.2689580884024447,4.746025200140918,0.43719416319599547,1.9202782928036148,-0.4949697049688428,-0.3361156104859584,-0.9040753289986845
light_blue_rice,-3.620074453283115,2.7599927674629128,2.3532774417039937,3.8538298772143587,-0.15026020955522776,-2.9500734701244293,-1.3152683174208377,-2.4846513902170524
light_blue_rice,-3.918770867611867,1.123978900732477,1.4433689169179742,2.6924103941434976,1.1812131566118973,-1.970803335975583,-0.7514992621930898,-1.8357564302725844
light_blue_rice,7.945324373550429,0.8763832831061832,1.4073403301173406,2.8463906285651004,2.3643379629506054,-1.8775732928114728,0.7033026056396743,0.7940158856253411
light_blue_rice,7.489590089994967,0.1172918058333908,0.9560086195014194,2.2011068032928045,1.9168092683458064,0.6554007983866811,1.0389660792693753,-0.421376854829565
light_blue_rice,6.961043199478238,-0.6506083923442081,2.011651977191157,1.132307148370956,1.7014544310096642,-0.15826461261287017,0.40931711454826614,-0.1280369883887703
light_blue_rice,6.044155324925413,1.3275161025866802,0.6732205465906549,4.165461318195358,3.5525106719234523,-1.010835521774788,-1.3362712020100522,0.6966164644027159
light_blue_beans,-7.653513488708824,4.0359561832510735,4.958242059979689,4.480292770571098,-1.958073345883462,-0.19177939725381699,-0.20413461316937467,-0.2141340686675265
light_blue_beans,1.8858746267221924,0.5526436388118977,-3.969983169024374,3.2033297133473644,0.7981593917282832,1.31603977762185,-0.7922868955866486,-2.4725287433753667
light_blue_beans,-3.345528393827797,1.6617868120280987,3.251109153674113,0.015056693621902423,3.2546366669810087,1.6051096849733442,-0.13218800386877505,-2.4174212403675184
light_blue_beans,-3.8810265083009514,-0.18629848088188042,0.7706395313793891,-1.0247425921959714,3.1355904965853045,-0.7555893801554827,0.17426067417978652,0.6881297736710774
light_blue_beans,-4.597771200948557,1.2958156462118873,-1.1773701158755159,2.453256385666894,0.46253678841981133,-3.2345204921014292,0.16486680998908076,-1.2597699795025221
light_blue_beans,-4.989824551983281,0.8262713116310892,1.2349888865219534,2.3123408414236506,0.9742774019015348,-1.9369702516259124,-0.5599635122027209,-2.0126987558715657
light_blue_beans,7.5289896234727705,0.6655842414478127,0.9500756380071866,4.08714303507321,2.500399174487258,-1.7419903642607666,1.1535344648703993,0.5542520874004163
light_blue_beans,7.403328532875192,-1.1615747920167383,1.1584065353080073,2.572630276339436,1.3149097195131163,-0.7287179217391108,1.4859343073409994,-0.5632816702645385
light_blue_beans,6.765210890752438,0.002291486904983042,0.8981868875758919,1.2194325959057157,1.6207596977305159,0.039118555113018955,0.5938819234087344,-0.8674034142101474
light_blue_beans,5.9488573288182405,0.9550939654901963,0.8863846428822778,3.049400716045388,2.372420978292615,-0.9845698353375884,-1.051304875392817,0.8349025062973217
light_blue_screws,-7.506097905505411,3.7206838836958593,5.221619121356385,4.240534039282148,-1.393365633028753,-0.12229819918950449,0.19074906566922858,-0.1490980162664891
light_blue_screws,0.7340748508140077,0.46349342444490127,-5.234403035462004,2.4934993631659483,1.2559281367974644,1.542789775816976,-1.3253838492150538,-1.435395333820033
light_blue_screws,-3.9459996963469863,0.2043369248094837,1.8266175348059672,0.6396782108933612,3.061840571099638,0.902179409246131,-0.30006074441177993,-2.548414529090148
light_blue_screws,-4.436553140870322,-0.01813780883713458,0.9636476206728748,-0.9015651515641381,3.714491539797276,-0.9755661968643683,0.3607700351463757,1.0927720653988267
light_blue_screws,-5.368098885547365,1.2278197648744922,-1.5731755952224198,1.4964849356367211,0.4058314542503859,-2.9114734573541186,0.5002182123281957,-0.6297056271708235
light_blue_screws,-5.046482162802679,0.6371341709151578,0.04876116136298497,1.9636424073319338,0.9787034467457256,-1.494329576654406,0.5096974372861524,-1.2499622600800266
light_blue_screws,7.507357755693907,0.238123563216742,1.2347070818494985,3.229628200433154,2.004325506995431,-1.4286641705885301,0.9413579227903583,0.8542594281039919
light_blue_screws,6.750353400609041,-0.13410363620682114,0.8935206081923392,2.357615562466622,1.2219787761265808,-0.2606902094408722,1.0706280537808626,-0.644161442234663
light_blue_screws,7.107753782467963,-2.0598775405114993,1.2142408218872678,-0.12968815460405206,-0.4143219787843,-0.15015148052506044,0.6242545389713524,-0.10109805116203441
light_blue_screws,5.393653295334567,1.0116604458260305,1.0383253930554328,2.5012116804417563,2.4002439271288645,0.6228486651044506,-1.7296653069650398,0.6356791153115343
medium_brown_glass,-9.189068078985736,2.071888539709039,2.305832835689183,1.3037663718507595,-0.6391712550512874,1.8715920392427143,-0.08465149793934196,0.13011485649535384
medium_brown_glass,0.34935529115771463,-0.5541306533402972,-6.911727419937552,1.4689507158891881,1.2118881814525162,1.8168052986726297,0.9463182658593274,0.3622428020195329
medium_brown_glass,-4.524138888252807,-0.7732296045068835,1.454970383653812,-1.4985730835238584,1.4201364435729387,2.0123611049345493,1.1888825132723442,-0.3443993347681853
medium_brown_glass,-4.633960325357457,-1.1602196143225751,0.2758190850836786,-2.9513781567862587,1.9318741391506005,0.7375215657305985,0.6380288213693599,0.512913272834789
medium_brown_glass,-5.702961906886115,-0.4871745133399433,-1.3561612210997236,0.764085914644312,-0.8760234135886084,-2.241593386084447,0.06078543801032421,0.2963859572087633
medium_brown_glass,-3.9698074694050174,-1.029458719491388,-0.42381688650799315,-1.2305467354954942,-0.6320454817654914,-2.073130728329566,-0.33852097010737325,-1.389098234063636
medium_brown_glass,7.395386498404673,-0.9539262283106128,1.1323032946452338,1.1703275301424179,-0.007799725973202158,-0.5907445101104253,0.8774392890695272,0.4951593497313206
medium_brown_glass,7.267704412730826,-1.6596165000737635,1.7865840528117458,-1.0104623485598603,-2.4690144492541877,0.6511018956443247,1.3636988645973718,-0.8421474144328238
medium_brown_glass,5.562182579162234,-3.894429172749694,2.123514692626167,-1.7309566069088929,-1.6260235186623548,-0.04446961591103998,0.2055606972621325,-0.5924883484656588
medium_brown_glass,6.0078661809404545,-0.6803830369176181,0.8517882639013967,0.3723524530326,0.13393917852919668,-0.24050443405351035,-2.0334535972788172,0.5102975576166567
medium_brown_rice,-10.11126790499017,2.0469524519273734,2.8857431873267956,1.0873258852502614,-1.109009691504015,3.1312993148367805,-0.6073086893337498,0.017581276447777905
medium_brown_rice,-0.11711519085603653,-0.6643482946625716,-6.648374920328953,1.849685350809676,0.9699481135966516,1.5060916490431213,0.6648157107858109,0.15449697629763506
medium_brown_rice,-4.155066608411982,-1.9022408590687445,1.619151380864522,-2.165649558550948,1.6625125860170396,1.4412166273032372,0.7806043317977895,0.06571298120437666
medium_brown_rice,-4.872456253699813,-1.6681900519354358,0.7729025153814288,-2.973444776638491,1.5180421065552252,0.5650005837826136,0.1701207410470961,0.7337715355294177
medium_brown_rice,-5.241532069063078,-0.566133882558621,-1.7585892301681132,0.5004771658892604,-1.1044226693384331,-2.3166920705147205,0.3674594349282071,0.6797691297773631
medium_brown_rice,-4.128854187147848,-1.0517765095429215,-0.7470024088784477,-1.0788116753204084,-0.43085178415612335,-2.753935144508497,-0.998200745482246,-1.1260787085613733
medium_brown_rice,7.475924046164294,-1.640673190010336,1.2615949306544283,1.2603534684329825,-0.11575668802667011,-1.5208448191645219,0.5138370758267855,1.0145385267128608
medium_brown_rice,5.831798953518594,0.0814825087132131,0.9775511301057073,-1.3748375272139588,-1.4829182522874145,1.3087599984513698,-0.40174606814192965,-1.3590383748076522
medium_brown_rice,7.160964687665882,19.913344360410914,-5.122487550254578,-3.658862330732663,-2.4875248858260752,1.408630695019188,-1.4772406320924842,-2.362544561867504
medium_brown_rice,5.445627660164609,-0.1044973884535918,0.830854253024008,1.059774767329236,0.6019399695251743,1.1194101777364545,-1.7673579303551783,-0.28790491509487226
medium_brown_beans,-10.019755920041701,2.2665112224819968,2.6225392886788903,1.954868720915716,-1.2165929415681858,2.3499128812032692,-0.37036369336806485,0.930793845540252
medium_brown_beans,-0.15294772343816382,-0.6539551631306081,-7.05605868822389,2.1828172684659033,0.6168307678355426,1.3641424035559366,0.6872244075092819,0.08460985602080404
medium_brown_beans,-3.927385142298034,-0.6639676612356537,1.6090271563867065,-1.6314339570824925,1.7820716999065234,1.1427871566560603,0.49695388143989677,-0.24506137536983624
medium_brown_beans,-4.444001309555825,-1.3993957760019464,0.5058925460931024,-2.1267925036669197,2.6073644864536925,0.20549237959298594,0.6798514200186044,0.38993592125075455
medium_brown_beans,-5.2603028798211,-0.39391622220996036,-2.186985400318169,0.4764091130350697,-0.6137861560729755,-2.306724087556115,0.04222778508417526,0.4158129030100675
medium_brown_beans,-4.49556384131637,-0.9984407678997496,-0.7176409125366244,-0.4322708672992763,-0.22427032655861934,-1.93488584365755,-0.7539688530811139,-1.2030338278995443
medium_brown_beans,6.783770391546519,-1.5461450920144857,1.5752715082949889,1.529256435826591,0.22624330373963633,-0.6352291378408943,0.8946297094110792,0.6750398799649466
medium_brown_beans,6.407089960978184,-0.6016839615952734,0.9576423243619263,0.14227487047489362,9.226001286257203E-4,0.6032953063006121,-0.20866562256961274,-1.0058751377645074
medium_brown_beans,5.605101729652131,-2.449651561119941,1.260576859152716,-1.3444742479621175,-1.3864094722424625,0.4434792730601512,-0.5000564508885362,-1.231043727032469
medium_brown_beans,5.826487412847626,-0.39735522680558544,1.2813409822020054,1.576454867816418,0.5457657168700693,0.32452026538275835,-1.1876161319859861,0.6488876498454804
medium_brown_screws,-9.309433680937568,2.22175272250176,2.2825388242725304,2.078175813045198,-1.480778341573946,1.2597228289503397,0.5218537461894854,0.9836344559403856
medium_brown_screws,0.22272248313786702,-0.8399201164522053,-6.959248950685754,1.725085509546922,0.42180833707614956,1.9052573096043943,1.0795971536287887,0.146267494579843
medium_brown_screws,-4.1468651276278665,-0.5065170707836649,1.5895375618818663,-1.1620142740984822,2.649249375628484,1.124797550345239,0.02254074956763319,-0.24329003583214004
medium_brown_screws,-4.839255658333422,-1.7170346432884651,0.536102570361928,-2.4785332797966,2.212785123449835,-0.023551226682752033,0.32780881223004577,0.8633247464913998
medium_brown_screws,-5.056189780012725,-0.22678704971859168,-2.2065888678932124,0.24186619405978396,-0.40539228221750573,-2.2392359304433374,0.07584553786351597,0.59214666177555
medium_brown_screws,-4.554422861447568,-0.8278936819616474,-0.5219483215125429,-0.629847251613442,-0.595873045886878,-2.1650949775295976,-0.43579615292532553,-1.2238909473119173
medium_brown_screws,7.0268241441487955,-2.283204986918498,1.7305083743225296,1.0034334784973176,0.3139716593941758,-0.9104471460110855,0.9629154635847137,1.0905543165124385
medium_brown_screws,5.923250423142889,0.37528792312575504,0.9463399211181693,-1.9390444852959008,-0.8113080355889716,2.178527446413832,-0.08218365916014173,-1.536505159957635
medium_brown_screws,6.260491761795612,-4.0810582713016705,1.0136481968904838,-1.2052608705702488,-0.6303208765379087,0.04082590656871779,0.6132716156527982,0.10414354841379714
medium_brown_screws,5.287288669140289,-0.2091236427043966,1.037365193955998,1.5846169486449695,0.5046235694736083,1.3323263475547595,-0.9280664198754464,0.31777012694313267
medium_green_glass,-9.88941911226808,2.1318213466182407,2.195667077198737,2.0342357905856763,-1.500262456606604,1.7633860161310373,0.4744793023269146,0.6413687890407131
medium_green_glass,0.602010767615356,-0.9529029223791626,-7.253362954263796,1.2643938492144007,0.05417927466820177,1.3474151479062622,0.15653367027030024,0.40834159045408197
medium_green_glass,-3.676158364672104,-0.723132655509729,1.1736317310465614,-2.160085000000858,1.7452863264331855,1.3925712712351814,0.10682347235315627,-0.02770117042942933
medium_green_glass,-4.339572907171102,-1.4300414798846777,0.03404901721930167,-3.007922402885337,1.8564981679683636,0.2236395353213159,-0.01179179465635315,0.769203251825495
medium_green_glass,-5.441561407935042,-0.3983793250005509,-2.1196810536581134,0.034178684473739146,-1.2415165115871416,-2.1644806334172513,0.29512675106168434,0.4148014974278234
medium_green_glass,-3.90414258533491,-0.8613463506277124,-0.9785913873809613,-0.4462668743721862,-0.4360516935033975,-2.588037646589818,-0.5485928316572479,-0.8470565016823487
medium_green_glass,6.963769015955796,-2.2198924695084177,1.3280682060065985,1.411005881369186,-0.181489716941139,-1.3749122500999824,0.5328983687533406,0.5838956474255562
medium_green_glass,6.266231907744529,-1.2609003722617724,1.6559384288636916,-1.8327486599573415,-0.9331812389362512,1.0318891461137958,0.4192585270976914,-0.6062294727750583
medium_green_glass,5.5638668715606014,-3.8593241896805677,0.35062069099533333,-1.0690257693027712,-1.242339664172017,0.38756528551575625,0.4359570999226294,0.21453705099393935
medium_green_glass,6.169523156587198,-0.3960897738726781,0.8356049518192379,1.914837862339359,1.0090374423888577,0.10962032153889564,-1.6138451811615837,0.48296349405107536
medium_green_rice,-9.891667619956538,2.1487781615570243,2.684886830659905,1.6550153560455847,-1.123070896722146,2.6391968559467878,-0.24062457904777662,0.4793372204414422
medium_green_rice,0.07197948191699821,-0.8119640665316918,-7.569484890401072,0.7241177221144078,0.15423268527836256,2.2388303972298647,-0.16366829130625352,0.577717443607947
medium_green_rice,-4.423407320743747,-0.8677755919717007,0.7665373024418065,-2.5842986905939522,1.5035349967560703,1.177779894049985,-1.1504085172702512,0.089339573525768
medium_green_rice,-4.6414171872326735,-1.5954464387286145,0.3290653673308552,-3.1073984431557844,1.7546491561215145,0.45653380456518927,0.021524736155083615,0.679480657719664
medium_green_rice,-5.364240451312476,-0.28006869670833656,-2.0482197311531087,0.026433390206302698,-1.4704853728030758,-1.8943711281675832,-0.00845689127129777,0.4849197065334869
medium_green_rice,-4.346446690746901,-1.176124732463429,-1.1375532734605354,-0.3285862111136765,-1.026825104322409,-1.868626719285563,0.010502919728279311,-0.48450152213925046
medium_green_rice,6.92133985819833,-2.0496570528152698,1.4399783185764456,0.8026292765268158,-0.055971658619758335,-0.6429717254428062,0.21031823392977705,0.8775138029723717
medium_green_rice,6.218402401662204,-1.4153000221794387,1.3752291088431743,-1.122772554299303,-1.4458467502273218,0.8714881378220553,0.751870113741423,-0.6925163971993975
medium_green_rice,5.5670700367670065,-3.799025599705306,0.5939343411146037,-0.9136142489695215,-1.4631305423486918,0.21643488055612378,0.43203733189899607,0.1797064001839832
medium_green_rice,6.497502695849939,-0.752364809496564,0.5542615097979573,0.5816497946409972,-0.059665808468855705,0.7014577558930615,-2.418394490063485,0.41415099611603556
medium_green_beans,-9.729674112241558,1.7420229210145313,2.584832993421868,1.8083945655882405,-1.406727484481485,2.1388337838922182,0.0034318898485570237,0.771215999359459
medium_green_beans,-0.09748389258703857,-0.804565449239215,-7.298164928314745,0.4555322545138935,0.15606546997686396,2.1783798082454817,-0.250632606095867,-0.025038411139868176
medium_green_beans,-4.095807839182652,-0.49117361106927415,1.3279100415565093,-1.6182716855752324,1.411305219372946,1.7880508552522827,-0.6839032899484513,-1.1888892029935039
medium_green_beans,-3.7169223283020862,-1.814605296195956,0.010425060051916644,-3.755599752137924,1.6602285423744947,-0.5264784901344091,-0.5735233628538188,0.8939685892098641
medium_green_beans,-5.481846798153569,-0.32380384527954814,-1.8399901691286489,-0.4737013265818053,-1.3012888335202897,-1.679455962084866,-0.3613443741873317,0.2813979675192938
medium_green_beans,-4.577857000732496,-1.5048828714012268,-0.5437758042762697,-0.24421459260035297,-0.559282631588138,-1.6591506047697149,0.11711636893358912,-0.34998592737407386
medium_green_beans,6.9771011207900955,-1.9714893352284917,1.0877167781478445,1.0847008562181133,-0.02407099252665594,-1.326496527380839,0.1251970704820482,0.8665907660776095
medium_green_beans,6.384796295864273,-1.1666680236483653,0.6363513769303782,-1.4766152937866117,-1.707738364251024,0.7484200343404868,-0.08052608406973555,-1.1257181725666072
medium_green_beans,5.376552653988521,-3.8108362139243708,0.8489600470863784,-1.0595414124811298,-1.2470522465601577,0.555936202642613,0.010879607906951666,0.551939354186362
medium_green_beans,7.254414000050444,-0.4024270097530056,0.5556875713037542,0.5500804583762505,0.03485469330022347,-0.33397164522247164,-2.6358461483022326,1.0267516004654023
medium_green_screws,-9.484348713318717,1.5205229602360855,2.5584542601887894,0.9696315614614885,-1.5347282357074201,2.260091081784922,0.4433978475807759,0.7655414823920115
medium_green_screws,0.5902634004290866,-0.7974511202049404,-7.099939535229538,0.5330695411198189,-0.20977511367621918,1.5897364135964442,0.7157375825017614,0.1339535563612535
medium_green_screws,-4.4872583637747585,-1.978487034599546,2.3319148493019455,-1.1329753569041372,1.7689602711280104,0.8825318366461428,0.3613782922979276,-0.46623312033130426
medium_green_screws,-4.2163821775424255,-1.4060968282949429,0.2365795596822857,-3.859647760858906,1.9511443795900585,0.16164103562673177,-0.48130055683089595,1.1142596602924792
medium_green_screws,-5.284965943147612,-0.4055099776051355,-1.7679018549063872,0.11593988054103795,-0.3063630183220175,-2.428264908579814,-0.3260573279618423,0.8768332305886369
medium_green_screws,-4.636700823110956,-1.3170819633641853,-0.9951964455222296,-0.33774457555247606,-0.4623715585341478,-2.2526604034213897,-0.8398017198801685,-0.9131864342661633
medium_green_screws,6.866603527487694,-1.779280797944447,1.7221508532020136,0.8965512077577269,-0.2622098681639632,-0.8192392367905161,0.11713759669622942,0.8256406258709312
medium_green_screws,6.152730979460735,-1.374410325869535,1.2327806974849598,-1.1131525724411586,-1.3224548913091112,0.4204360708630064,-0.09623842626678658,-0.8276022654895626
medium_green_screws,5.979294125999805,-3.9179292204435523,1.2281976788642468,-0.7310893821568729,-1.1289451373598374,0.05976376729613886,1.1464326088673482,0.6551957330842588
medium_green_screws,6.397028693081597,-0.570321316647638,1.1177259007481453,0.9337042074263031,0.05969231241548156,0.7866945356940613,-1.5674929315865203,0.9257382256342627
medium_blue_glass,-9.593939969486836,1.9816202869100645,2.831214273510775,2.170251208372847,-1.332568995277458,1.9477094269867672,0.6824647723681028,1.1246293635289577
medium_blue_glass,0.7931173374685643,-0.9513442840259403,-6.378740137354374,1.4044459252890311,-0.32111715065614493,0.8511858161048541,0.5691668447799397,0.7793694337660315
medium_blue_glass,-4.408989151012948,-0.8811857294369576,2.047406377725849,-1.510879135996423,1.8184250442569732,1.6561682300017908,0.6158903147981503,-0.2819146184893615
medium_blue_glass,-4.33824563973782,-0.9597549871674134,0.35691190894932834,-3.1491521605382182,2.0803514260200036,0.22983847852249562,-0.728058878911735,0.38096538850767614
medium_blue_glass,-4.956692506967499,0.02737408467895646,-2.367642877029026,0.6917231302329317,-0.6995734543125797,-2.89112431734692,-0.09454441575520589,0.6657694957828862
medium_blue_glass,-4.75520647371034,-0.8004849465786491,-0.7727189591679603,0.0021973202647110265,-0.3256427352868995,-1.518063952902579,0.4586937125468403,-0.8358071683531276
medium_blue_glass,6.901844037298499,-0.33512902802325023,0.8967666581935612,2.06364718420626,0.8692957795295485,0.018776277231115204,0.604159312925751,1.0014647408121318
medium_blue_glass,7.9588287388143,-1.5394887460542288,1.3735440616297132,-0.8444310150356362,-1.5158992515844636,-0.018570056557765252,1.2873092152123837,-0.33220214795316527
medium_blue_glass,6.173474237897987,-3.186034036523821,1.857401084840122,-0.6988118389160515,-1.0391760934691658,0.002370512716267703,0.5877001272761162,-0.1558441620841297
medium_blue_glass,5.812096267222499,0.3736887828111042,0.07461503414451318,1.0101085141584705,0.6653347687380691,0.3564386876017718,-3.01395859776254,0.07395326778407318
medium_blue_rice,-9.855954269059456,2.0563715883727767,3.086361835851761,2.0044319407206608,-1.427649359071479,2.75229331592619,0.9565701373825948,0.7975868457299738
medium_blue_rice,0.43761164266701036,-0.6856440606389089,-7.31226809751645,1.3900878522144218,0.9492632089603331,1.6315454022572877,-0.36663717175739474,0.502734908908332
medium_blue_rice,-3.853393273319155,-0.21337471236724115,1.5527301895432297,-0.9976732600510271,2.2371602005944955,1.585568950573782,0.15799018530062203,-0.8920986750847671
medium_blue_rice,-4.893073503573691,-1.1407511910366321,0.13527128805451333,-2.753575941809171,1.9447566463004127,0.49344853644930375,0.020766544899459588,0.4390270084858905
medium_blue_rice,-5.731827829038493,0.16865780208176262,-2.331260043684234,1.3423847979550043,-1.0263716073506528,-2.495298676152457,-0.2284088681829378,0.24808881679934136
medium_blue_rice,-5.144830196586873,-0.7938695196110178,-0.7560088459712867,-0.1938996536910249,-0.38086675902271866,-1.6916792102079068,-0.4513737515962951,-0.7705651648460189
medium_blue_rice,7.055076157909355,-0.9717606461634699,1.0265461413116135,1.4729945443701986,0.1336420733869989,-0.005993593074576517,1.2570664305442092,1.4066311318331461
medium_blue_rice,7.0481986624235615,-0.3387334886963684,0.703799708558095,-0.8859178140602183,-1.2188185838075325,0.683028894547061,0.0890555564254657,-0.8625204699663593
medium_blue_rice,5.685802272147042,-3.9742629892228636,2.2375227740521604,-1.6827518012538114,-1.6500208870214814,0.29320125095125854,0.31329474198540996,-0.5734203678073496
medium_blue_rice,6.215469357800618,-0.34077833351796477,0.550448367179611,0.614311541588137,0.1826284074815179,-0.5422248084832834,-2.4933151831414304,0.6961930539422332
medium_blue_beans,-9.475567314686286,1.9414210481757463,3.0737904937684326,2.143480593384831,-2.1619273360946223,1.652939821255815,0.5442688868380843,1.4787800825269355
medium_blue_beans,-0.33959614136861394,-0.545311765327257,-7.136663588122133,0.823406474713218,0.6803881543485376,2.3158336689882177,-0.226103907049731,-0.17576833383496887
medium_blue_beans,-3.911359800936394,-0.47181961907568837,1.4270150132040536,-2.136421925851384,1.939895120374018,1.6188108955994756,-0.15999330941985151,-0.6397857323736215
medium_blue_beans,-4.780583046966905,-1.3065460515330753,-0.17622718703757798,-2.7252497628255696,2.6392931734845186,0.43306885482228263,0.024439374994326676,0.6149087544623911
medium_blue_beans,-5.325682646497229,-0.16602902924767488,-2.0131772691736507,0.3206576504368791,-0.7368272014163544,-2.804513122771588,-0.023418544550717048,0.30266854600496185
medium_blue_beans,-4.920406807281809,-0.9454297074282573,-0.9960131692617853,-0.59944755863469,-1.1386382941832651,-1.4469840276259587,-0.17027788220376225,-0.8903357619473575
medium_blue_beans,7.783381901296366,-1.164291472795402,0.5220984654927943,1.352677156163935,-0.18959453565303763,-0.8675024631111119,1.4419644871353943,1.2423531168362199
medium_blue_beans,7.327859764202022,-0.898203518030317,0.8721154423794966,-0.9452537449870063,-1.4266942908163127,0.37132427035681626,0.6312304145193718,-0.6591917990287517
medium_blue_beans,5.861934933394056,-3.8595494387125773,1.8917584749630973,-0.8375128913850465,-1.286902802533088,-0.5631334648398649,-0.04016608697585117,-0.5109687525146218
medium_blue_beans,6.101686907139348,-0.169342916230094,-0.015257927451636177,0.6350844467898246,0.6733779783048347,0.1611549143443417,-3.1559736093433743,0.2746453794106408
medium_blue_screws,-9.568412608260845,2.104957369312294,3.2287340394745603,2.2865054929484487,-1.1872650278318422,1.7222038800742345,0.05585293757030935,1.1048019534329216
medium_blue_screws,0.027929557794278883,-0.651095988551864,-7.015945396720946,1.2288415091599227,0.8220188126948635,2.025274943991826,0.10514501350627324,0.28698676553253966
medium_blue_screws,-3.915177043177024,-0.7481381139971196,1.2414737891145777,-1.3252406635971408,1.8372997721034192,1.1373662776027615,1.1158381562048643,-0.7503813604337837
medium_blue_screws,-4.659858859521713,-0.955520326434489,0.26927915514268463,-2.5160096505396186,2.3545498439313914,-0.3249365535226124,-0.11166702319779309,0.8119499847322711
medium_blue_screws,-5.234381746709412,-0.06405336737214581,-1.9984133621104496,0.2832526907387847,-0.6271855884991004,-2.5004018104963053,-0.12221360178864046,-0.1047015417031811
medium_blue_screws,-4.392382738080441,-0.9879745069905068,-0.4586734593225332,-0.9452969834880192,-1.150815496489944,-1.6761227173838948,0.03978418601906178,-1.117725284775415
medium_blue_screws,7.11073229273046,-0.6911060163888204,0.9900206065648733,1.3649003579083205,0.26892439178292454,-0.7854599824753898,0.227650272625018,0.47372084234591255
medium_blue_screws,7.681692292754757,-1.499997116031267,1.4146626815263479,-1.3549907492416624,-1.842339008678878,-0.2981318999677981,0.4374189031050272,-0.2234155097511244
medium_blue_screws,5.744330429760687,-3.793751240607582,2.693925594490672,-1.012080855432568,-1.4398606303568742,0.1731527064796117,0.3118424517648741,-0.32075161501254024
medium_blue_screws,6.172624523926142,-0.035394477876743075,0.6701856820337364,1.1935941226237918,0.6840515231495834,-0.051398207686962835,-2.1255816673810317,0.5384031348665681
heavy_brown_glass,-9.43050939018518,1.971818426237228,1.9038553416615385,0.6327489640945787,-2.652401121622225,2.2773298425784785,-0.09137403557855117,0.9326994957160877
heavy_brown_glass,0.32050661746006764,-1.6057810996328092,-7.088261911825775,-0.7399149562342404,-1.0726341185082464,1.480077720026585,-0.24733133025405885,0.06147253556880166
heavy_brown_glass,-5.099569381967456,-2.4757641092391043,2.090241991999842,-1.1619943697430564,1.4888417156135407,0.28014713237839656,-0.5160362288492633,-0.15904192949260382
heavy_brown_glass,-4.046518586779956,-1.809950185987675,-0.4534826302016587,-3.5524038163711413,1.0671526434933842,-0.5198417396089481,-0.271655432262953,1.2328259983285932
heavy_brown_glass,-5.5238912001989195,-1.2412523895094119,-2.5315372891418626,-0.4324168834471575,-2.4497110675649942,-1.7836746486450954,0.1339280832776997,0.4471388188301124
heavy_brown_glass,-3.784245698299767,-1.7903207745275216,-0.7113353344817324,-1.670016894442305,-2.0257601739479894,-2.5212260374316062,-0.6324791966003579,-0.6958521505098345
heavy_brown_glass,7.655310146078212,-0.4307494759044758,1.082701715547867,0.6688142377999449,-0.9785595575718585,-0.3714084889174641,0.6935694568212045,0.6753214071370559
heavy_brown_glass,5.904088808061917,-0.054068209944511475,0.8610290647595096,-1.9901238092215086,-1.8462748909829445,1.3569940940915917,-0.72742396765945,-1.8199236134638952
heavy_brown_glass,5.737564033350497,-3.662062947720027,1.3973052835712352,-1.3310220662404362,-1.439892134286651,1.0829495144756314,1.7179834477883211,-0.019087558268145677
heavy_brown_glass,5.654886453421126,-0.12133978398698089,0.7241975206857006,1.4255953181058778,0.03608399258357559,0.7376487970826525,-2.4817411903528273,1.35121272581377
heavy_brown_rice,-10.163356084415565,1.9158237617023648,2.5622442693302188,1.0046827024824985,-2.2092590627473894,2.323107304416839,-0.4976458253635578,0.9392861295174315
heavy_brown_rice,-0.3310471874943064,-1.4655153185184038,-6.871057552550367,-0.12700000885025384,-1.0825832534033912,1.360199890958974,0.9995602167205783,0.48695115989154925
heavy_brown_rice,-4.522931408136458,-2.3644103119955497,1.6336079551859786,-1.2658416905716872,1.7161857044625508,0.10370375146032246,-0.07306261783413781,0.21952730451621738
heavy_brown_rice,-3.681353066724246,-1.4107504880399853,0.18923905415206504,-3.1910176913698787,0.9203088899288067,-0.873971208705254,-0.5833439538943053,1.4292260684165632
heavy_brown_rice,-5.017966129640515,-1.0257410029697902,-2.4747578317749412,-0.04791913011423166,-1.949132216851918,-2.518492958013298,0.354087865342414,0.4048228841934356
heavy_brown_rice,-4.4921065613995825,-1.5335745851066882,-0.7350075225178935,-1.3671503550633095,-2.232601659428337,-2.007360359912252,-1.1145170572483802,-0.9335704045302431
heavy_brown_rice,7.153794300615486,-0.4500830590002156,1.4536005402922447,0.9753629837177226,-0.3372099361765209,-0.5165748825930231,0.48417131427507554,0.9051323395063618
heavy_brown_rice,6.126574931335089,-0.7727516581419266,1.5683722822010049,-1.823995501660702,-1.783274002489026,0.9914622773883007,-0.4298567734379667,-1.8052204760828232
heavy_brown_rice,5.398800006279493,-3.9439044657996014,1.685521293693245,-1.5389902592289542,-1.6629693189218573,1.1763292523539433,1.3269392618293832,-0.09004487228822103
heavy_brown_rice,5.7984153236084275,-0.47249440132507403,1.393098923801717,1.1755446327436478,-0.7027205614332935,0.5544670265528433,-1.856301710427079,0.8427857891626194
heavy_brown_beans,-9.520331375227073,1.5083443531342475,2.265244609477123,0.3276717780357877,-4.154216854187642,2.8125530347620042,0.09221705338792013,0.8433942862605283
heavy_brown_beans,-0.31719020940056125,-1.3891135213764898,-6.7122141966460465,-0.33040185318187715,-1.4010767050344037,1.8996214747190014,0.45928255501636306,0.5877796826956304
heavy_brown_beans,-4.840896822469664,-2.002097298350818,0.8690663907909416,-2.304864652501898,0.9005808571313669,1.2976908475447493,0.13556057907428304,-0.16032588688251065
heavy_brown_beans,-3.6944694190836693,-1.6720988450765688,0.3241828312177275,-3.9021427084669074,1.1189625815084097,-0.6596512980128859,-0.05814463327153983,1.7311250574631407
heavy_brown_beans,-5.399154370657776,-0.853871006091879,-2.3372662006578224,0.15701803807221335,-1.5358181800576438,-2.0900671407323985,0.09287121737358324,0.8676460731477659
heavy_brown_beans,-4.203660821510694,-1.8764857091035756,-0.8015849218653869,-1.1035409087660184,-1.897639686197004,-2.695992124312926,-0.5277487865628876,-0.4875643249168822
heavy_brown_beans,7.036734440442505,-0.5882286127780866,0.6741135918494915,0.8936855979954116,-0.4889767922296472,-1.0647164909228262,0.46030251227635954,0.6213596225895817
heavy_brown_beans,5.232399314950225,-2.7900734204966344,2.270929825398742,-2.2577191797545293,-2.8274673889209203,0.9239551194780359,-0.049903041382569124,-1.6325541949634963
heavy_brown_beans,5.2792357867877575,-4.2148196683443,1.2098997982395405,-2.1516270879588237,-2.10110359798773,0.6106731028485578,0.7579680544907493,-0.1978717727284775
heavy_brown_beans,6.140507581508607,-0.3775387989433265,0.6637112448744898,0.9646663594609265,-0.031168066896772796,0.31416553310559425,-3.012384383555572,1.3176355395055666
heavy_brown_screws,-9.795223548044792,1.7172810280192121,2.2256390954954166,0.46900349849165224,-3.3485623784905583,2.129330159758093,-0.4864373923995914,1.0432875827594705
heavy_brown_screws,-0.25981141060243435,-1.5022463740174026,-7.437146470784334,-0.12049315391332767,-1.494916550264663,2.1417874652017783,0.11853995645213039,0.5233700422955119
heavy_brown_screws,-3.7830538346548996,-0.32257517246187095,0.7070205156504736,-1.2754275207077994,1.1714877373200008,0.47849184895819075,-0.9817022568823369,-0.019449241101777037
heavy_brown_screws,-3.2840598199203206,-1.6349578821612578,0.04122419207868891,-4.135569937365155,0.48305183620589776,-1.102830021558676,-0.6257392975295852,0.9456953410256335
heavy_brown_screws,-5.331383022273308,-1.4248665655393842,-1.6204603298525082,-0.9157573462827581,-2.774965103788861,-2.2010586215399326,0.05996499848314597,0.9047937274287287
heavy_brown_screws,-4.97858717944092,-1.778430358403605,-0.6889662667219912,-1.2041075187449586,-2.1266756821797537,-1.9667250776779603,-0.6010229190766339,-0.22870819807174458
heavy_brown_screws,7.2610829919067195,-1.0898573632619606,0.9437380271290261,-0.21329630876270145,-1.2832109268441179,-0.8457505496334953,0.47726674379036194,0.5283262757304941
heavy_brown_screws,5.569257718404565,-2.5265216128375187,1.7529252191004587,-2.26281670171737,-3.029812880028909,1.398854558592514,0.27733455227954995,-1.4858303239889261
heavy_brown_screws,6.250430049898958,-3.4169249611285792,0.6624599298178915,-2.431922741562043,-2.548289485701812,0.7739839975951484,0.912163465165246,-0.32966097063630884
heavy_brown_screws,6.122126264100862,-0.6427308217949838,0.8973255140927889,0.25254042897741497,-1.0073638632811752,0.9275781966639035,-2.7266398228074697,1.2721950311441002
heavy_green_glass,-9.522036014200092,2.2875033734317087,2.04394701534905,0.9096130258972331,-2.274448387942839,2.33130956755946,-0.9079970829884607,0.6948327842742565
heavy_green_glass,0.07026696424485529,-1.4324416094391648,-7.131640023613842,-0.6120309038237407,-1.2708112220216092,2.2109354762017506,0.395771638576162,0.09167837098364304
heavy_green_glass,-3.89945208216447,-1.3670351360043957,1.154726029652991,-2.126891826189701,1.8610823658994542,0.8784225745760476,0.8351397846686115,0.2243863786087622
heavy_green_glass,-3.5388348090397086,-1.971764410332862,-0.32418813070040003,-4.061154178663325,0.7137368895534211,-0.8642631170074693,-0.7307739322151288,1.5842833672199346
heavy_green_glass,-5.614725510907038,-0.629317889270547,-2.226249909272957,0.8321485589816066,-1.3529147741520635,-2.029100508353217,-0.28167516370973844,0.8128721626905635
heavy_green_glass,-4.647662123045449,-1.8553401902906461,-1.0081782372984032,-0.9830665675622918,-2.0409306221714507,-1.8729653912548359,-0.9441073980925488,-0.408554304007513
heavy_green_glass,7.1053997831283136,-0.7343438285051979,0.8768483841752441,0.40821950171209387,-0.9797568431475507,-1.1469580286189092,-0.11776863153596831,0.6389806432703495
heavy_green_glass,4.547389292904275,-1.222435880994969,1.7642689655069175,-2.448077531439796,-2.8399031557862413,1.916087195394565,-0.8965798857500386,-1.8078180289706003
heavy_green_glass,5.705511950267567,-2.318824002424347,1.1288996511100045,-1.777259133401028,-2.205296934225032,0.90350081252302,0.6455299236143197,-0.31397227164483155
heavy_green_glass,6.208093595187578,-0.828140263781693,0.636617480609758,0.6005798821994786,-0.9053153283663151,0.387553535613952,-2.403629854697394,0.9011045103843971
heavy_green_rice,-10.28514194810963,1.887511332142021,2.931781910786513,1.3809465258010496,-2.646825762360076,3.4382516458988572,0.10902204163992196,0.6014499216747349
heavy_green_rice,0.21902184868974856,-1.4085509928270372,-6.914255888323345,-0.11752176967993216,-1.2275191626057165,1.2912718437245592,0.6218603259388227,0.18752536099682546
heavy_green_rice,-4.622272639917207,-1.4921894884760436,1.3013921352539772,-2.7068959741606093,0.9658496661149728,1.18285861729683,0.022665085000783028,0.5980958305451103
heavy_green_rice,-3.9197286676326635,-1.718196579562703,0.24392608365868423,-3.7310627343709237,0.9069442482001118,-0.44572613023599733,-0.6279381135216857,1.7024563187123296
heavy_green_rice,-5.056063102149786,-1.3519461264813049,-1.9207312612792582,-0.5528218211932856,-2.121226614936409,-2.013278124240371,0.2910538684683971,0.6504190082840114
heavy_green_rice,-4.040407105145564,-1.689703898525086,-1.0562147680785603,-1.408519947225721,-1.7807394776848726,-2.6434087540767464,-0.9909135712111359,-0.09593050721616803
heavy_green_rice,7.411403255640515,-1.0070957719661302,1.1455803060780392,-0.13199714985428374,-1.2587395045891687,-1.0155109159030111,0.2123620622575898,1.3302112682434954
heavy_green_rice,5.761940561472931,-1.0313400214898618,0.9300229903989445,-1.6800468181291819,-2.1338990928603656,0.5486631651976323,-0.8201744685131293,-2.1450689912904437
heavy_green_rice,5.2866308054598585,-2.4642239950215434,0.9990229685075674,-1.7050956846313268,-1.6264426757305772,1.164671345589624,1.6060268613470863,-0.4451967836139119
heavy_green_rice,6.3941670549431,-0.9451561622505523,0.5389323114500925,0.14857103411953348,-0.5443479470251475,1.0778961202945263,-2.134791046230732,1.034676386056521
heavy_green_beans,-10.479021954611316,1.922774057848177,2.391894610216937,1.1975240914294192,-1.8472539532816643,2.648960506371282,0.05267902841424238,0.45166768483904907
heavy_green_beans,0.18105898437152337,-1.7331154617535163,-6.716382948487976,-0.1216570556411152,-0.48707506934129724,1.04348035329421,-0.5202952671326947,0.8333381303259224
heavy_green_beans,-3.995914604534326,-1.4189925062685265,1.0432490345591203,-2.772573420069933,1.8163997061337793,0.10470604099109841,-0.3521849710319249,1.024579462759957
heavy_green_beans,-3.859962518631773,-1.3596706953339208,-0.2821927262759474,-3.4600445253336316,1.4403857280196752,-0.49160418463931443,-1.1335517083753548,0.9066475861995968
heavy_green_beans,-4.793690051829063,-1.5215233772485044,-2.1493143127483605,-0.31194955238503946,-1.5102281439865863,-2.541203697591215,0.004966670480102589,0.6377363348072448
heavy_green_beans,-4.022324190396681,-1.9447680682815507,-0.8159144725504388,-1.22840211355518,-1.9818220057314886,-1.828695772203916,-0.29133922780302757,-0.6699769378548964
heavy_green_beans,6.920566187253081,-0.799382781359019,1.3461045176692428,0.4368506153080755,-0.9064103845000846,-0.657716545036301,0.28262129803680575,0.6455279314045533
heavy_green_beans,5.132548347921122,-2.0423882911356546,1.73950602062496,-1.9956097015707415,-1.9737926601335536,0.7955912887044366,-1.1748576381644844,-1.593941858113867
heavy_green_beans,6.415927489280182,-3.4476837276670302,0.9354268882501947,-2.7915149113498257,-2.2431235812498778,0.9290888325966219,2.5393946552534254,-0.5707563422294811
heavy_green_beans,6.342453568476793,-0.7383082289786783,0.8191566102699739,1.0011322565155645,-0.26918406910579,0.43772872510837696,-1.8379316056623844,1.2531017250805163
heavy_green_screws,-10.305280885496694,1.8258193540824468,2.15700153120314,1.082776367888257,-2.27837324521371,2.8848284864844165,-0.654710115294376,0.3153688054848643
heavy_green_screws,-0.16159003242740594,-1.530105518699758,-6.753284243557572,0.3718763527518364,-0.7615103506268002,1.16471933825058,0.11147301438540702,1.1877778912737467
heavy_green_screws,-4.499400238352917,-1.3474297028593942,1.1765684887544434,-3.1584894315594716,1.270961262385378,1.2773964247957557,-0.9820351321982126,1.076030259134912
heavy_green_screws,-3.785145054997888,-1.7648617538145286,-0.022139703234807486,-3.5340350339884594,0.8045154852763599,-0.13008415583596666,-0.21501456951436718,1.2497141077770164
heavy_green_screws,-4.998982591332195,-1.6429262467440044,-1.823455330301067,-0.9573896791593408,-2.5278200257717947,-2.3153434378882563,-0.035242515119194885,0.8772232582064311
heavy_green_screws,-5.439242006870174,-1.444754195658727,-0.6795616513068897,-0.6702282060491318,-2.6594257136909394,-1.860128687573134,-1.5197426327111383,-0.9211676857987907
heavy_green_screws,7.062187726478789,-0.8993634410501385,0.7087581288215804,0.23207605593970665,-1.350520502991805,-0.9852810358059017,0.39916269678119004,1.1025934870489955
heavy_green_screws,5.659108061386069,-1.8758743122660113,1.521189149724248,-1.6982073530122266,-2.629028773112343,0.47635591578936487,-0.09908436245413735,-1.4139136356869375
heavy_green_screws,5.458566919790785,-2.8708344153376397,0.7433241945992927,-2.569729358168557,-2.922858319938047,0.950619421994878,1.053080042027113,0.4801065559463682
heavy_green_screws,5.7821656154868455,-0.9112796592867537,0.04666790082876386,0.8307423843415979,-0.4854936215133879,0.3089644593269317,-3.0470390128067497,0.5802636316155293
heavy_blue_glass,-9.68623741748116,1.7022967128650979,2.324829762136419,1.4805970173749583,-2.488812873927025,2.3528853063218906,0.6233845826431508,0.44454555521867595
heavy_blue_glass,0.05284367710953668,-1.0228131990796823,-6.995921277926029,0.23145781514014874,-1.0123918820357816,1.3187836582987549,0.4002532437689071,0.691622066422241
heavy_blue_glass,-4.403754171499827,-2.2857126146534,1.7193227225602856,-0.8632076564791739,1.2749500595267922,-0.028487980918634158,-0.4887872801151293,-0.8311829806906292
heavy_blue_glass,-4.401975960658302,-1.858653225450286,-0.14107600308440335,-4.000619499396102,1.000212026727144,0.11759042794178778,-0.8817716859812044,0.9105524711994751
heavy_blue_glass,-5.2883859131334345,-0.9602504661643867,-2.6841157219428076,-0.012861804576356436,-1.6278354643322088,-1.9079369585697932,-0.06146810771169901,0.7934637850073369
heavy_blue_glass,-4.729568371215541,-1.3680832427381453,-0.9994256262333262,-0.6297391825519493,-1.5204550633463019,-1.7812722794817581,-0.18209900505135024,-0.6323391886325089
heavy_blue_glass,7.547413837447072,-2.0499431869683553,1.744629336384034,-0.268252450356542,-0.8700068906708155,-1.2961948372228371,0.45225092232007297,1.2983059477744474
heavy_blue_glass,6.816638656521305,-1.8774806831634643,1.0770394091758682,-2.009283328256306,-2.254380086615756,0.5637538171293437,0.2556639356813248,-0.7981666999827329
heavy_blue_glass,4.896834337267268,-3.8321696960879366,1.4226052608159865,-0.9990105332083539,-2.2528067805206393,0.4635954837593925,0.3943515473556241,0.7699411651441856
heavy_blue_glass,6.1945017570128496,-0.11652394187066158,1.1498483551401772,1.2793553132956714,-0.0752294402681426,1.2220824890473334,-1.9170763676409666,0.7513226320526254
heavy_blue_rice,-10.056264576374268,2.199635157035288,2.745159819362746,1.2514890736808146,-2.1326918322288466,2.0728787784403497,-0.33636048806220387,1.3127186686881347
heavy_blue_rice,-0.2642955861709756,-1.1008230903966811,-6.847547670305316,-0.671208767382394,-1.7247849263571504,2.1512465301016506,-0.017954333748224617,0.19825969806206578
heavy_blue_rice,-4.471751636450339,-2.6640281781904034,1.8750580754432655,-1.6769355398780559,1.0575813139798795,0.6304651675713775,0.19071594279130943,-0.5566307090958159
heavy_blue_rice,-4.251985400043089,-1.7447917500601136,0.026971842980486535,-3.874971405539127,1.5367004569964549,0.03428316707271312,-1.0645120793746927,0.9353550685037115
heavy_blue_rice,-5.281006425397979,-0.8251679852809821,-2.0397331784600996,0.2778236070712002,-0.9765967118132245,-1.612963368239613,0.21648699652942568,1.1121586161773722
heavy_blue_rice,-4.303538130815294,-1.6107971441403046,-1.0197716401260413,-0.49141629162498646,-1.512816649701586,-2.3121883341726672,-0.31805790417600494,0.03833071293670991
heavy_blue_rice,7.184984549853083,-1.2115897081205318,1.4649371743506716,0.485174302639647,-0.38835650961227675,-0.7855581954895983,0.2754787292613117,1.1908279992117543
heavy_blue_rice,5.950136587245238,-0.31069675057011453,0.9114269423456616,-2.560970873550243,-2.140002866985819,1.008049910353629,-0.17455289399207197,-1.5552191247160647
heavy_blue_rice,5.1247306666046315,-3.6115077690760113,1.032038599730757,-1.5539899012401643,-2.043935086042429,0.5049625310269614,0.7521685690069541,0.48483532125431844
heavy_blue_rice,6.168696484800757,-0.43612353798991393,1.0739035566944395,1.6324644734861529,0.006357560278519652,0.2648505450970261,-2.2541890452128728,1.1718848592771212
heavy_blue_beans,-9.656974587354005,2.0221521051165174,2.538333361740624,0.7491386325060878,-2.173703833971328,2.5217932325083696,-0.09807492356304334,1.0748747160447951
heavy_blue_beans,0.12893457741644937,-1.115789677592853,-7.2013316980315265,0.12447830394200989,-0.9486786783649255,1.7563122458170892,0.22768421441122777,0.6806134506522512
heavy_blue_beans,-4.2951498588038355,-2.8237446651900244,2.0927256913197443,-1.9170617663399065,0.799826400856634,0.2861319387971341,-0.588481102571146,-0.2335640438818771
heavy_blue_beans,-4.256189213768647,-1.4152060136606854,-0.11189935606337192,-3.7297003696273046,1.4389028858598758,-0.16064305333658999,-0.6407367522770333,0.8603505408706588
heavy_blue_beans,-5.233525739584234,-1.2165985367765793,-2.213987280489419,0.16344809448965847,-1.3319880055024529,-2.4501021526895435,-0.1221154132358155,0.7458291681447411
heavy_blue_beans,-4.6466717692312605,-1.633141955303571,-1.2254627539723444,-1.1660561546766794,-2.382404448495501,-1.9806742829303454,-0.6283231059108014,-0.18247687876877086
heavy_blue_beans,7.37425782367071,-1.3409557658967783,1.4920017366363867,0.7445335021833609,-0.8823918688799962,-1.013634205925244,0.6539122699674029,0.9176128530980041
heavy_blue_beans,6.153108658759827,-1.3791285417876624,1.097541814566416,-2.1317816933318174,-2.949954940139416,0.5766544766796374,0.6155182231095102,-1.0566944640673426
heavy_blue_beans,5.551432386174353,-3.9071442256597506,1.0787486944036058,-0.6233431931122999,-1.600396716078895,0.5149013699874891,1.3322300999062724,0.06786054728213507
heavy_blue_beans,6.101362600302954,-0.566777206951946,0.7626650266444115,1.4351596475408839,0.016338702320393653,0.844076002356235,-2.4863832209293766,1.401974099653508
heavy_blue_screws,-9.82816728220024,2.1054238172320643,2.1063276003064977,0.6312870103523183,-2.603672327183671,2.5364720889776367,-0.565198497614684,0.9718203126985138
heavy_blue_screws,-0.06617110968479747,-0.9664656208208884,-7.297028842999172,0.6480627577410721,-1.0225292934384282,1.3587333408161149,-0.24423928462193328,0.7800818623285829
heavy_blue_screws,-4.849437553288567,-2.67511160360781,2.1462432574672357,-1.622382924990211,0.6260183438708788,0.873538242577747,-0.4822957053580836,-0.5104616204761944
heavy_blue_screws,-4.0540319505927105,-1.6944572757448968,-0.1724376878384066,-4.016778771452197,1.2246736933368827,-0.12318903277082663,-0.18912858720852693,1.4764515180778215
heavy_blue_screws,-4.9247514754830854,-0.9383859368956184,-2.050397971741721,-0.7676359013070664,-1.7589432750873026,-1.945888885987989,-0.03922419351597589,-0.11511405557317828
heavy_blue_screws,-4.356656632558058,-1.262114498797212,-0.8283389205846294,-0.7740235953514598,-1.780651918472684,-2.4229057288086047,-0.5593076104752871,-0.41353358106487836
heavy_blue_screws,7.316765034300453,-0.9139177783801659,0.5553305609562957,-0.13889257539715266,-1.7370150911305677,-1.09620333566582,0.2539152064852508,1.008337996655474
heavy_blue_screws,5.852439125596407,-0.0768876403413809,0.47467302732835664,-1.4997553170646283,-2.2972317635226176,1.4294070358656947,-0.6559979075939183,-2.4667799314700156
heavy_blue_screws,5.779302655591892,-3.177312124212934,1.136457993929231,-0.4676332004902828,-1.3009554949020483,0.9215200238226487,0.9970997529898428,0.7783070324210121
heavy_blue_screws,6.027747372704406,-0.9679744554944654,0.912987253590477,0.48529570283555656,-1.031842210099965,0.8009883385842976,-2.0740546550430485,1.2514456510464642
