1,1,0.000000,0.010754,0.118348,0.406328,0.000000,0.018349,0.042022,0.034214,0.000710,0.024188,0.048943,0.002502,0.001970,0.028802,0.008110,0.000000,0.000000,0.000018,0.007365,0.008749,0.000000,0.000000,0.000000,0.000000,0.000000,0.000000,0.000000,0.000000,0.000000,0.000000,0.000000,0.000000,0.000266,0.010062,0.048925,0.100264,0.000053,0.020000,0.014729,0.002520,0.000071,0.013043,0.015723,0.000124,0.000745,0.009246,0.002857,0.000000,0.000000,0.000000,0.000000,0.000000,0.000000,0.000000,0.000000,0.000000,0.000000,0.000000,0.000000,0.000000,0.000000,0.000000,0.000000,0.000000
2,1,0.000000,0.000000,0.211969,0.195192,0.000000,0.000136,0.026939,0.096436,0.000000,0.001432,0.018755,0.023052,0.000000,0.001637,0.188815,0.161466,0.000000,0.000000,0.025166,0.000034,0.000000,0.000000,0.016198,0.000000,0.000000,0.000000,0.000000,0.000000,0.000000,0.000000,0.000000,0.000000,0.000000,0.000000,0.009412,0.013299,0.000000,0.000409,0.004228,0.002114,0.000000,0.000921,0.001739,0.000000,0.000000,0.000409,0.000239,0.000000,0.000000,0.000000,0.000000,0.000000,0.000000,0.000000,0.000000,0.000000,0.000000,0.000000,0.000000,0.000000,0.000000,0.000000,0.000000,0.000000
3,1,0.106858,0.145368,0.019072,0.105426,0.028519,0.012771,0.068096,0.034511,0.007818,0.009531,0.134301,0.142016,0.018922,0.014906,0.022555,0.009344,0.012181,0.003108,0.002743,0.003211,0.003623,0.001348,0.000534,0.000000,0.001929,0.001058,0.000000,0.000000,0.009597,0.000215,0.000000,0.000000,0.049913,0.012237,0.004813,0.008736,0.001779,0.000047,0.000131,0.000459,0.000506,0.000000,0.000253,0.000000,0.001564,0.000000,0.000000,0.000000,0.000000,0.000000,0.000000,0.000000,0.000000,0.000000,0.000000,0.000000,0.000000,0.000000,0.000000,0.000000,0.000000,0.000000,0.000000,0.000000
4,1,0.000293,0.016902,0.041984,0.051979,0.002283,0.017648,0.737236,0.014605,0.002605,0.045321,0.003146,0.000000,0.016507,0.032472,0.000000,0.000000,0.000000,0.000000,0.000351,0.000337,0.000000,0.000000,0.000000,0.000000,0.000015,0.000000,0.000000,0.000000,0.000000,0.000000,0.000000,0.000000,0.000132,0.000951,0.006775,0.008253,0.000161,0.000015,0.000000,0.000000,0.000000,0.000000,0.000000,0.000000,0.000029,0.000000,0.000000,0.000000,0.000000,0.000000,0.000000,0.000000,0.000000,0.000000,0.000000,0.000000,0.000000,0.000000,0.000000,0.000000,0.000000,0.000000,0.000000,0.000000
5,1,0.000000,0.000000,0.003777,0.161657,0.000000,0.000299,0.011686,0.163508,0.000000,0.001907,0.025438,0.115363,0.000000,0.045444,0.081913,0.387989,0.000000,0.000000,0.000168,0.000626,0.000000,0.000000,0.000206,0.000000,0.000000,0.000019,0.000000,0.000000,0.000000,0.000000,0.000000,0.000000,0.000000,0.000000,0.000000,0.000000,0.000000,0.000000,0.000000,0.000000,0.000000,0.000000,0.000000,0.000000,0.000000,0.000000,0.000000,0.000000,0.000000,0.000000,0.000000,0.000000,0.000000,0.000000,0.000000,0.000000,0.000000,0.000000,0.000000,0.000000,0.000000,0.000000,0.000000,0.000000
6,1,0.000000,0.002738,0.046482,0.076891,0.000000,0.000483,0.075876,0.157808,0.000016,0.000467,0.096524,0.055969,0.000000,0.000338,0.021389,0.384100,0.000000,0.001353,0.009921,0.002738,0.000548,0.003189,0.009648,0.001063,0.000950,0.001015,0.017588,0.000000,0.000177,0.000628,0.000129,0.000000,0.000000,0.001933,0.006587,0.005138,0.000000,0.001031,0.007731,0.000403,0.000000,0.000000,0.005847,0.000338,0.000000,0.000000,0.002255,0.000709,0.000000,0.000000,0.000000,0.000000,0.000000,0.000000,0.000000,0.000000,0.000000,0.000000,0.000000,0.000000,0.000000,0.000000,0.000000,0.000000
7,1,0.000000,0.000000,0.020785,0.214673,0.000000,0.000000,0.079107,0.115092,0.000000,0.002172,0.078641,0.251900,0.000000,0.000000,0.034745,0.023577,0.000000,0.000000,0.000000,0.001551,0.000000,0.000000,0.000000,0.000000,0.000000,0.000000,0.000000,0.000000,0.000000,0.000000,0.000000,0.000000,0.000000,0.000000,0.016132,0.047774,0.000000,0.000000,0.016132,0.011633,0.000000,0.000000,0.022956,0.054754,0.000000,0.000000,0.002016,0.006360,0.000000,0.000000,0.000000,0.000000,0.000000,0.000000,0.000000,0.000000,0.000000,0.000000,0.000000,0.000000,0.000000,0.000000,0.000000,0.000000
8,1,0.000023,0.000147,0.001497,0.024338,0.000247,0.000841,0.001304,0.004954,0.000718,0.000803,0.001574,0.000417,0.000370,0.003033,0.002292,0.000039,0.000000,0.000000,0.000000,0.000347,0.000000,0.000000,0.000000,0.000000,0.000000,0.000000,0.000000,0.000000,0.000000,0.000000,0.000000,0.000000,0.000069,0.004468,0.012902,0.022015,0.000934,0.025055,0.023713,0.021521,0.001296,0.024176,0.065937,0.049285,0.001945,0.030056,0.465527,0.208159,0.000000,0.000000,0.000000,0.000000,0.000000,0.000000,0.000000,0.000000,0.000000,0.000000,0.000000,0.000000,0.000000,0.000000,0.000000,0.000000
9,1,0.000247,0.011150,0.439664,0.410985,0.000505,0.005945,0.007742,0.001457,0.000094,0.001363,0.000352,0.000000,0.000258,0.000164,0.000000,0.000000,0.000164,0.003278,0.095318,0.007813,0.000317,0.001551,0.000188,0.000000,0.000388,0.000012,0.000000,0.000000,0.000000,0.000000,0.000000,0.000000,0.000000,0.000317,0.007766,0.002961,0.000000,0.000000,0.000000,0.000000,0.000000,0.000000,0.000000,0.000000,0.000000,0.000000,0.000000,0.000000,0.000000,0.000000,0.000000,0.000000,0.000000,0.000000,0.000000,0.000000,0.000000,0.000000,0.000000,0.000000,0.000000,0.000000,0.000000,0.000000
10,1,0.128140,0.098568,0.022908,0.093371,0.022044,0.019430,0.034025,0.025431,0.007368,0.073308,0.017440,0.024526,0.027029,0.022888,0.022948,0.000583,0.009207,0.004202,0.001488,0.002302,0.003247,0.000412,0.000231,0.000000,0.003669,0.000322,0.000000,0.000000,0.010072,0.000010,0.000000,0.000000,0.024717,0.020777,0.026175,0.024526,0.013108,0.045424,0.022425,0.002503,0.005991,0.041403,0.010203,0.000060,0.008785,0.024084,0.054651,0.000000,0.000000,0.000000,0.000000,0.000000,0.000000,0.000000,0.000000,0.000000,0.000000,0.000000,0.000000,0.000000,0.000000,0.000000,0.000000,0.000000
11,1,0.000155,0.000970,0.059317,0.288550,0.000330,0.003628,0.013350,0.027650,0.000175,0.004443,0.012244,0.006015,0.001125,0.004114,0.012088,0.003454,0.000019,0.000019,0.002678,0.001203,0.000000,0.000000,0.000000,0.000000,0.000000,0.000000,0.000000,0.000000,0.000019,0.000000,0.000000,0.000000,0.000116,0.000349,0.031201,0.050100,0.000136,0.002581,0.014824,0.022353,0.000524,0.002775,0.025341,0.011079,0.002911,0.007141,0.105846,0.281177,0.000000,0.000000,0.000000,0.000000,0.000000,0.000000,0.000000,0.000000,0.000000,0.000000,0.000000,0.000000,0.000000,0.000000,0.000000,0.000000
12,1,0.000882,0.005998,0.016603,0.206829,0.002672,0.230784,0.084407,0.018748,0.005126,0.103310,0.083017,0.043812,0.014840,0.052064,0.028681,0.087215,0.000454,0.000991,0.002454,0.002299,0.001627,0.001418,0.000000,0.000000,0.000573,0.000036,0.000000,0.000000,0.000491,0.000000,0.000000,0.000000,0.000336,0.000573,0.001172,0.001763,0.000254,0.000345,0.000000,0.000000,0.000100,0.000000,0.000000,0.000000,0.000127,0.000000,0.000000,0.000000,0.000000,0.000000,0.000000,0.000000,0.000000,0.000000,0.000000,0.000000,0.000000,0.000000,0.000000,0.000000,0.000000,0.000000,0.000000,0.000000
13,1,0.000226,0.002873,0.032069,0.235719,0.000023,0.000848,0.003620,0.011221,0.000057,0.000577,0.004457,0.005430,0.000023,0.000204,0.003586,0.000192,0.000271,0.008699,0.044445,0.037827,0.000950,0.010746,0.015724,0.005441,0.001934,0.007194,0.016776,0.003439,0.003756,0.002308,0.003461,0.000000,0.000113,0.005860,0.021063,0.031696,0.000034,0.003326,0.020407,0.014310,0.000385,0.001403,0.024954,0.032997,0.001912,0.004084,0.072713,0.300649,0.000000,0.000000,0.000000,0.000000,0.000000,0.000000,0.000000,0.000000,0.000000,0.000000,0.000000,0.000000,0.000000,0.000000,0.000000,0.000000
14,1,0.000000,0.024429,0.120430,0.063345,0.000008,0.005487,0.113480,0.043227,0.000000,0.002941,0.007387,0.000950,0.000277,0.001420,0.001252,0.000008,0.000101,0.080942,0.048908,0.050530,0.001529,0.013916,0.041824,0.016185,0.001084,0.012118,0.116530,0.010429,0.000067,0.011790,0.130446,0.000613,0.000034,0.017605,0.031303,0.028504,0.000261,0.000605,0.000025,0.000000,0.000008,0.000000,0.000000,0.000000,0.000000,0.000000,0.000000,0.000000,0.000000,0.000000,0.000000,0.000000,0.000000,0.000000,0.000000,0.000000,0.000000,0.000000,0.000000,0.000000,0.000000,0.000000,0.000000,0.000000
15,1,0.000000,0.000000,0.023386,0.315608,0.000000,0.000288,0.015615,0.063179,0.000000,0.000863,0.019213,0.042167,0.000000,0.000000,0.098942,0.413614,0.000000,0.000000,0.001151,0.004246,0.000000,0.000000,0.000000,0.000000,0.000000,0.000000,0.000000,0.000000,0.000000,0.000000,0.000000,0.000000,0.000000,0.000000,0.000000,0.001727,0.000000,0.000000,0.000000,0.000000,0.000000,0.000000,0.000000,0.000000,0.000000,0.000000,0.000000,0.000000,0.000000,0.000000,0.000000,0.000000,0.000000,0.000000,0.000000,0.000000,0.000000,0.000000,0.000000,0.000000,0.000000,0.000000,0.000000,0.000000
16,1,0.000000,0.000584,0.123388,0.375153,0.000000,0.000478,0.070489,0.072664,0.000000,0.004749,0.010930,0.020587,0.001114,0.009577,0.142702,0.153605,0.000000,0.000000,0.000000,0.000027,0.000000,0.000000,0.000000,0.000000,0.000000,0.000000,0.000000,0.000000,0.000000,0.000000,0.000000,0.000000,0.000000,0.000000,0.001565,0.005359,0.000000,0.000982,0.001937,0.000371,0.000000,0.000212,0.001539,0.000053,0.000000,0.000875,0.001061,0.000000,0.000000,0.000000,0.000000,0.000000,0.000000,0.000000,0.000000,0.000000,0.000000,0.000000,0.000000,0.000000,0.000000,0.000000,0.000000,0.000000
17,1,0.000000,0.000207,0.004931,0.108545,0.000000,0.000014,0.017023,0.221332,0.000000,0.000413,0.040975,0.093794,0.000000,0.000372,0.029295,0.011597,0.000000,0.000248,0.000220,0.000220,0.000000,0.000262,0.000000,0.000000,0.000000,0.000000,0.000000,0.000000,0.000000,0.000000,0.000000,0.000000,0.000000,0.001212,0.008705,0.022904,0.000000,0.000592,0.012024,0.029309,0.000000,0.000758,0.016362,0.044955,0.000000,0.000248,0.026527,0.306958,0.000000,0.000000,0.000000,0.000000,0.000000,0.000000,0.000000,0.000000,0.000000,0.000000,0.000000,0.000000,0.000000,0.000000,0.000000,0.000000
18,1,0.000474,0.002907,0.006890,0.071369,0.000871,0.004982,0.003368,0.013062,0.000115,0.002100,0.008990,0.070703,0.000000,0.000000,0.000640,0.065120,0.000909,0.009285,0.029774,0.038841,0.001857,0.212788,0.005225,0.004162,0.000397,0.323319,0.014573,0.010168,0.000256,0.064774,0.004482,0.000218,0.000218,0.001498,0.000538,0.003022,0.000013,0.002203,0.004188,0.003330,0.000000,0.002344,0.002523,0.003880,0.000410,0.002817,0.000397,0.000000,0.000000,0.000000,0.000000,0.000000,0.000000,0.000000,0.000000,0.000000,0.000000,0.000000,0.000000,0.000000,0.000000,0.000000,0.000000,0.000000
19,1,0.000000,0.001245,0.000030,0.016228,0.000000,0.000193,0.000178,0.004668,0.000000,0.000000,0.000267,0.003083,0.000000,0.000000,0.000682,0.005365,0.000000,0.004624,0.016436,0.047070,0.000000,0.004846,0.034547,0.030041,0.000000,0.004713,0.065003,0.386860,0.000000,0.002890,0.013072,0.121454,0.000000,0.000000,0.000178,0.036458,0.000000,0.000207,0.013442,0.008581,0.000000,0.002208,0.026321,0.030545,0.000000,0.000000,0.030471,0.088093,0.000000,0.000000,0.000000,0.000000,0.000000,0.000000,0.000000,0.000000,0.000000,0.000000,0.000000,0.000000,0.000000,0.000000,0.000000,0.000000
20,1,0.000000,0.000000,0.022254,0.218232,0.000000,0.000000,0.001731,0.222491,0.000000,0.000000,0.001170,0.130037,0.000000,0.000000,0.000455,0.367362,0.000000,0.000000,0.000496,0.000219,0.000000,0.000000,0.000000,0.000000,0.000000,0.000000,0.000000,0.000000,0.000000,0.000000,0.000000,0.000000,0.000000,0.000000,0.010030,0.022343,0.000000,0.000000,0.001430,0.001747,0.000000,0.000000,0.000000,0.000000,0.000000,0.000000,0.000000,0.000000,0.000000,0.000000,0.000000,0.000000,0.000000,0.000000,0.000000,0.000000,0.000000,0.000000,0.000000,0.000000,0.000000,0.000000,0.000000,0.000000
21,1,0.000000,0.000000,0.000017,0.028326,0.000000,0.000000,0.001360,0.025452,0.000000,0.000000,0.001902,0.047927,0.000000,0.000000,0.001076,0.015153,0.000000,0.000000,0.000000,0.000000,0.000000,0.000000,0.000000,0.000000,0.000000,0.000000,0.000000,0.000000,0.000000,0.000000,0.000000,0.000000,0.000000,0.000000,0.001480,0.021442,0.000000,0.000000,0.009732,0.094684,0.000000,0.000000,0.005688,0.552591,0.000000,0.000000,0.000577,0.192595,0.000000,0.000000,0.000000,0.000000,0.000000,0.000000,0.000000,0.000000,0.000000,0.000000,0.000000,0.000000,0.000000,0.000000,0.000000,0.000000
22,1,0.004092,0.006165,0.170992,0.649273,0.003610,0.011568,0.012095,0.003598,0.002040,0.004394,0.001020,0.000000,0.017364,0.000953,0.000000,0.000000,0.004316,0.004417,0.008968,0.008026,0.003822,0.001222,0.001648,0.000740,0.002612,0.001312,0.000000,0.000000,0.014774,0.002298,0.000000,0.000000,0.004574,0.002107,0.016355,0.029459,0.001670,0.000538,0.000056,0.000000,0.000908,0.000011,0.000000,0.000000,0.003004,0.000000,0.000000,0.000000,0.000000,0.000000,0.000000,0.000000,0.000000,0.000000,0.000000,0.000000,0.000000,0.000000,0.000000,0.000000,0.000000,0.000000,0.000000,0.000000
23,1,0.000000,0.002354,0.076918,0.151287,0.000000,0.019382,0.343901,0.056548,0.000012,0.017052,0.031385,0.002793,0.000220,0.013820,0.017345,0.007977,0.000000,0.000000,0.000903,0.000281,0.000000,0.000000,0.000000,0.000000,0.000000,0.000000,0.000000,0.000000,0.000000,0.000000,0.000000,0.000000,0.000000,0.000415,0.007916,0.011868,0.000000,0.001073,0.003611,0.002708,0.000037,0.001269,0.003720,0.000256,0.001122,0.018187,0.042838,0.162802,0.000000,0.000000,0.000000,0.000000,0.000000,0.000000,0.000000,0.000000,0.000000,0.000000,0.000000,0.000000,0.000000,0.000000,0.000000,0.000000
24,1,0.000000,0.000000,0.000000,0.015587,0.000000,0.000000,0.000000,0.146620,0.000000,0.000000,0.000000,0.374476,0.000000,0.000000,0.000000,0.463317,0.000000,0.000000,0.000000,0.000000,0.000000,0.000000,0.000000,0.000000,0.000000,0.000000,0.000000,0.000000,0.000000,0.000000,0.000000,0.000000,0.000000,0.000000,0.000000,0.000000,0.000000,0.000000,0.000000,0.000000,0.000000,0.000000,0.000000,0.000000,0.000000,0.000000,0.000000,0.000000,0.000000,0.000000,0.000000,0.000000,0.000000,0.000000,0.000000,0.000000,0.000000,0.000000,0.000000,0.000000,0.000000,0.000000,0.000000,0.000000
25,1,0.000092,0.000552,0.009561,0.069582,0.000552,0.005011,0.030852,0.027656,0.000934,0.005103,0.056089,0.030024,0.002788,0.007667,0.061362,0.458706,0.000092,0.000276,0.000329,0.000763,0.000013,0.000039,0.003393,0.005629,0.000000,0.001381,0.011994,0.018793,0.000000,0.001236,0.006536,0.000000,0.000539,0.001184,0.003288,0.003945,0.001933,0.008127,0.050053,0.001210,0.000776,0.042806,0.052709,0.000000,0.001604,0.013112,0.001710,0.000000,0.000000,0.000000,0.000000,0.000000,0.000000,0.000000,0.000000,0.000000,0.000000,0.000000,0.000000,0.000000,0.000000,0.000000,0.000000,0.000000
26,1,0.002815,0.088339,0.268647,0.395136,0.003101,0.038926,0.027868,0.022809,0.007753,0.016484,0.001387,0.000000,0.031255,0.000898,0.000000,0.000000,0.002122,0.008120,0.015832,0.014444,0.003591,0.001795,0.000122,0.000000,0.000571,0.000000,0.000000,0.000000,0.000000,0.000000,0.000000,0.000000,0.001469,0.009221,0.017056,0.018484,0.000694,0.000898,0.000000,0.000000,0.000082,0.000000,0.000000,0.000000,0.000082,0.000000,0.000000,0.000000,0.000000,0.000000,0.000000,0.000000,0.000000,0.000000,0.000000,0.000000,0.000000,0.000000,0.000000,0.000000,0.000000,0.000000,0.000000,0.000000
27,1,0.000225,0.007383,0.148392,0.189831,0.000353,0.006323,0.110997,0.037459,0.000706,0.016242,0.136836,0.006163,0.006452,0.026160,0.111286,0.000000,0.000321,0.001541,0.009373,0.007607,0.001156,0.000867,0.000000,0.000000,0.001156,0.000000,0.000000,0.000000,0.007030,0.000000,0.000000,0.000000,0.000000,0.003338,0.034538,0.016499,0.001059,0.003916,0.025358,0.001541,0.000931,0.002857,0.044617,0.000738,0.006677,0.008731,0.015343,0.000000,0.000000,0.000000,0.000000,0.000000,0.000000,0.000000,0.000000,0.000000,0.000000,0.000000,0.000000,0.000000,0.000000,0.000000,0.000000,0.000000
28,1,0.000000,0.000000,0.000000,0.181801,0.000000,0.000000,0.000899,0.124694,0.000000,0.000000,0.002574,0.115768,0.000000,0.000000,0.000000,0.571875,0.000000,0.000000,0.000000,0.000000,0.000000,0.000000,0.000000,0.000000,0.000000,0.000000,0.000000,0.000000,0.000000,0.000000,0.000000,0.000000,0.000000,0.000000,0.000000,0.002185,0.000000,0.000000,0.000000,0.000204,0.000000,0.000000,0.000000,0.000000,0.000000,0.000000,0.000000,0.000000,0.000000,0.000000,0.000000,0.000000,0.000000,0.000000,0.000000,0.000000,0.000000,0.000000,0.000000,0.000000,0.000000,0.000000,0.000000,0.000000
29,1,0.000000,0.000000,0.000000,0.887718,0.000000,0.000000,0.000000,0.000000,0.000000,0.000000,0.000000,0.000000,0.000000,0.000000,0.000000,0.000000,0.000000,0.000000,0.000000,0.002028,0.000000,0.000000,0.000000,0.000000,0.000000,0.000000,0.000000,0.000000,0.000000,0.000000,0.000000,0.000000,0.000000,0.000000,0.000000,0.110253,0.000000,0.000000,0.000000,0.000000,0.000000,0.000000,0.000000,0.000000,0.000000,0.000000,0.000000,0.000000,0.000000,0.000000,0.000000,0.000000,0.000000,0.000000,0.000000,0.000000,0.000000,0.000000,0.000000,0.000000,0.000000,0.000000,0.000000,0.000000
30,1,0.000865,0.013159,0.088438,0.210991,0.000404,0.004021,0.004425,0.014817,0.000058,0.001067,0.005852,0.056283,0.000000,0.000476,0.010608,0.081649,0.001917,0.010464,0.154593,0.040400,0.000404,0.003618,0.009440,0.000231,0.000000,0.000836,0.000000,0.000000,0.000000,0.000000,0.000000,0.000000,0.000086,0.009325,0.149434,0.067222,0.000000,0.000288,0.001830,0.010233,0.000000,0.000000,0.004050,0.018276,0.000000,0.000605,0.006025,0.017613,0.000000,0.000000,0.000000,0.000000,0.000000,0.000000,0.000000,0.000000,0.000000,0.000000,0.000000,0.000000,0.000000,0.000000,0.000000,0.000000
31,1,0.000000,0.000000,0.001118,0.031735,0.000000,0.000039,0.005797,0.022108,0.000000,0.001478,0.018213,0.009859,0.000000,0.003535,0.030051,0.011620,0.000000,0.000000,0.000000,0.000000,0.000000,0.000000,0.000000,0.000000,0.000000,0.000000,0.000000,0.000000,0.000000,0.000000,0.000000,0.000000,0.000000,0.000000,0.005103,0.017532,0.000000,0.000180,0.024589,0.020257,0.000000,0.002314,0.102545,0.067005,0.000000,0.006967,0.494010,0.123946,0.000000,0.000000,0.000000,0.000000,0.000000,0.000000,0.000000,0.000000,0.000000,0.000000,0.000000,0.000000,0.000000,0.000000,0.000000,0.000000
32,1,0.000000,0.000787,0.035577,0.297209,0.000000,0.008586,0.246511,0.254430,0.000000,0.013855,0.078852,0.037254,0.000274,0.017755,0.008501,0.000017,0.000000,0.000000,0.000154,0.000000,0.000000,0.000000,0.000000,0.000000,0.000000,0.000000,0.000000,0.000000,0.000000,0.000000,0.000000,0.000000,0.000000,0.000000,0.000034,0.000205,0.000000,0.000000,0.000000,0.000000,0.000000,0.000000,0.000000,0.000000,0.000000,0.000000,0.000000,0.000000,0.000000,0.000000,0.000000,0.000000,0.000000,0.000000,0.000000,0.000000,0.000000,0.000000,0.000000,0.000000,0.000000,0.000000,0.000000,0.000000
1,2,0.000000,0.002105,0.178632,0.344098,0.000000,0.010803,0.060191,0.016743,0.000047,0.023244,0.055724,0.000164,0.000959,0.024179,0.006220,0.000000,0.000000,0.000023,0.015223,0.010429,0.000000,0.000000,0.000000,0.000000,0.000000,0.000000,0.000000,0.000000,0.000000,0.000000,0.000000,0.000000,0.000000,0.003391,0.046581,0.133290,0.000000,0.009377,0.006641,0.000140,0.000140,0.017234,0.018193,0.000000,0.000585,0.012300,0.003344,0.000000,0.000000,0.000000,0.000000,0.000000,0.000000,0.000000,0.000000,0.000000,0.000000,0.000000,0.000000,0.000000,0.000000,0.000000,0.000000,0.000000
2,2,0.000000,0.000623,0.184446,0.254011,0.000000,0.000476,0.022602,0.064693,0.000000,0.006594,0.015496,0.027108,0.000000,0.000037,0.180306,0.184812,0.000000,0.000000,0.013811,0.000659,0.000000,0.000000,0.000000,0.000000,0.000000,0.000000,0.000000,0.000000,0.000000,0.000000,0.000000,0.000000,0.000000,0.000000,0.007400,0.031028,0.000000,0.000000,0.003407,0.000513,0.000000,0.000549,0.001392,0.000037,0.000000,0.000000,0.000000,0.000000,0.000000,0.000000,0.000000,0.000000,0.000000,0.000000,0.000000,0.000000,0.000000,0.000000,0.000000,0.000000,0.000000,0.000000,0.000000,0.000000
3,2,0.147109,0.112206,0.032789,0.014901,0.024544,0.008623,0.061235,0.024723,0.005689,0.005595,0.142860,0.124878,0.025522,0.003639,0.035933,0.079449,0.032358,0.005174,0.003933,0.002072,0.005878,0.001251,0.000273,0.000000,0.003418,0.000589,0.000000,0.000000,0.010747,0.000705,0.000000,0.000000,0.062150,0.012157,0.004259,0.001988,0.002240,0.000011,0.000000,0.000000,0.000242,0.000000,0.000000,0.000000,0.000862,0.000000,0.000000,0.000000,0.000000,0.000000,0.000000,0.000000,0.000000,0.000000,0.000000,0.000000,0.000000,0.000000,0.000000,0.000000,0.000000,0.000000,0.000000,0.000000
4,2,0.000286,0.017159,0.034373,0.044151,0.001171,0.022402,0.691420,0.011630,0.003296,0.027673,0.010867,0.000014,0.017867,0.043102,0.000000,0.000000,0.000041,0.000014,0.000722,0.000449,0.000000,0.000000,0.000000,0.000000,0.000000,0.000000,0.000000,0.000000,0.000000,0.000000,0.000000,0.000000,0.000000,0.001757,0.006823,0.063639,0.000463,0.000681,0.000000,0.000000,0.000000,0.000000,0.000000,0.000000,0.000000,0.000000,0.000000,0.000000,0.000000,0.000000,0.000000,0.000000,0.000000,0.000000,0.000000,0.000000,0.000000,0.000000,0.000000,0.000000,0.000000,0.000000,0.000000,0.000000
5,2,0.000000,0.000000,0.003645,0.201252,0.000000,0.000682,0.015292,0.157205,0.000000,0.003835,0.023254,0.091115,0.000000,0.036823,0.082214,0.372242,0.000000,0.000000,0.000085,0.000341,0.000000,0.000000,0.000009,0.000000,0.000000,0.000076,0.000000,0.000000,0.000000,0.000000,0.000000,0.000000,0.000000,0.000000,0.000000,0.011930,0.000000,0.000000,0.000000,0.000000,0.000000,0.000000,0.000000,0.000000,0.000000,0.000000,0.000000,0.000000,0.000000,0.000000,0.000000,0.000000,0.000000,0.000000,0.000000,0.000000,0.000000,0.000000,0.000000,0.000000,0.000000,0.000000,0.000000,0.000000
6,2,0.000206,0.003256,0.056008,0.056039,0.000000,0.002023,0.092461,0.063975,0.000000,0.004158,0.040500,0.051013,0.000000,0.004600,0.021167,0.387850,0.000000,0.006023,0.015065,0.003225,0.000000,0.013200,0.048831,0.001644,0.000000,0.008868,0.018827,0.000000,0.000000,0.000047,0.000000,0.000000,0.000000,0.003857,0.005802,0.014369,0.000000,0.012662,0.019523,0.000617,0.000000,0.003004,0.017737,0.002276,0.000000,0.000000,0.021072,0.000095,0.000000,0.000000,0.000000,0.000000,0.000000,0.000000,0.000000,0.000000,0.000000,0.000000,0.000000,0.000000,0.000000,0.000000,0.000000,0.000000
7,2,0.000000,0.000000,0.015849,0.314167,0.000000,0.000088,0.048428,0.096504,0.000000,0.000000,0.046403,0.110593,0.000000,0.000000,0.032227,0.024390,0.000000,0.000000,0.000352,0.000000,0.000000,0.000000,0.000000,0.000000,0.000000,0.000000,0.000000,0.000000,0.000000,0.000000,0.000000,0.000000,0.000000,0.000000,0.012591,0.230607,0.000000,0.000000,0.004403,0.016025,0.000000,0.000000,0.007925,0.024742,0.000000,0.000000,0.001233,0.013472,0.000000,0.000000,0.000000,0.000000,0.000000,0.000000,0.000000,0.000000,0.000000,0.000000,0.000000,0.000000,0.000000,0.000000,0.000000,0.000000
8,2,0.000007,0.000000,0.001208,0.001764,0.000748,0.000371,0.002445,0.005825,0.000578,0.001178,0.001645,0.001067,0.003876,0.005958,0.002846,0.000000,0.000000,0.000000,0.000000,0.000000,0.000000,0.000000,0.000000,0.000000,0.000000,0.000000,0.000000,0.000000,0.000000,0.000000,0.000000,0.000000,0.000015,0.000726,0.011405,0.010597,0.002001,0.004698,0.032614,0.015221,0.003216,0.065954,0.115389,0.030613,0.015614,0.076818,0.476809,0.108794,0.000000,0.000000,0.000000,0.000000,0.000000,0.000000,0.000000,0.000000,0.000000,0.000000,0.000000,0.000000,0.000000,0.000000,0.000000,0.000000
9,2,0.000201,0.007641,0.345663,0.578331,0.000231,0.002798,0.005054,0.000501,0.000191,0.000902,0.000080,0.000000,0.000541,0.000010,0.000000,0.000000,0.000020,0.001945,0.034623,0.001855,0.000050,0.000471,0.000180,0.000000,0.000110,0.000090,0.000000,0.000000,0.000000,0.000000,0.000000,0.000000,0.000000,0.000251,0.010328,0.007931,0.000000,0.000000,0.000000,0.000000,0.000000,0.000000,0.000000,0.000000,0.000000,0.000000,0.000000,0.000000,0.000000,0.000000,0.000000,0.000000,0.000000,0.000000,0.000000,0.000000,0.000000,0.000000,0.000000,0.000000,0.000000,0.000000,0.000000,0.000000
10,2,0.163533,0.071215,0.012062,0.023366,0.024626,0.043640,0.025834,0.023899,0.005755,0.033974,0.029745,0.029838,0.026858,0.028414,0.031179,0.004649,0.011898,0.005478,0.000829,0.000778,0.003983,0.000707,0.000840,0.000000,0.004464,0.000082,0.000000,0.000000,0.014120,0.000174,0.000000,0.000000,0.034753,0.029868,0.020090,0.033094,0.014939,0.072843,0.025957,0.002058,0.008058,0.034998,0.011949,0.000000,0.011130,0.025250,0.053071,0.000000,0.000000,0.000000,0.000000,0.000000,0.000000,0.000000,0.000000,0.000000,0.000000,0.000000,0.000000,0.000000,0.000000,0.000000,0.000000,0.000000
11,2,0.000046,0.002369,0.083665,0.076810,0.000000,0.001265,0.024936,0.031354,0.000000,0.003589,0.057878,0.044167,0.000184,0.004187,0.027582,0.012422,0.000000,0.000276,0.005613,0.001771,0.000000,0.000000,0.000000,0.000000,0.000000,0.000000,0.000000,0.000000,0.000000,0.000000,0.000000,0.000000,0.000184,0.001840,0.032044,0.025465,0.000046,0.002369,0.021072,0.020381,0.000000,0.002645,0.024108,0.012790,0.000000,0.004716,0.134227,0.339997,0.000000,0.000000,0.000000,0.000000,0.000000,0.000000,0.000000,0.000000,0.000000,0.000000,0.000000,0.000000,0.000000,0.000000,0.000000,0.000000
12,2,0.000977,0.006796,0.022582,0.023170,0.003214,0.260230,0.094519,0.017992,0.005252,0.096368,0.094908,0.067211,0.020282,0.031699,0.034797,0.162297,0.000536,0.001533,0.002699,0.000788,0.000777,0.001565,0.000011,0.000000,0.000945,0.000021,0.000000,0.000000,0.000431,0.000000,0.000000,0.000000,0.000294,0.001439,0.001712,0.044671,0.000042,0.000021,0.000000,0.000000,0.000084,0.000000,0.000000,0.000000,0.000137,0.000000,0.000000,0.000000,0.000000,0.000000,0.000000,0.000000,0.000000,0.000000,0.000000,0.000000,0.000000,0.000000,0.000000,0.000000,0.000000,0.000000,0.000000,0.000000
13,2,0.000158,0.003439,0.047434,0.038844,0.000190,0.001474,0.004232,0.017116,0.000095,0.000555,0.004438,0.008178,0.000000,0.000127,0.007116,0.000127,0.000349,0.009319,0.044978,0.023186,0.000571,0.010000,0.017988,0.010270,0.000428,0.006371,0.020254,0.008701,0.003550,0.004596,0.009240,0.000000,0.000206,0.008685,0.037370,0.017623,0.000111,0.007544,0.028971,0.016831,0.000412,0.002552,0.033186,0.031570,0.001284,0.002631,0.106057,0.401645,0.000000,0.000000,0.000000,0.000000,0.000000,0.000000,0.000000,0.000000,0.000000,0.000000,0.000000,0.000000,0.000000,0.000000,0.000000,0.000000
14,2,0.000000,0.024103,0.122391,0.021559,0.000129,0.006965,0.142798,0.050262,0.000050,0.005603,0.005961,0.000765,0.000020,0.000765,0.000179,0.000010,0.000010,0.080713,0.057485,0.025643,0.002235,0.013333,0.043625,0.015797,0.001470,0.012131,0.151173,0.009180,0.000129,0.009021,0.117115,0.000358,0.000000,0.027699,0.044529,0.006547,0.000000,0.000070,0.000149,0.000030,0.000000,0.000000,0.000000,0.000000,0.000000,0.000000,0.000000,0.000000,0.000000,0.000000,0.000000,0.000000,0.000000,0.000000,0.000000,0.000000,0.000000,0.000000,0.000000,0.000000,0.000000,0.000000,0.000000,0.000000
15,2,0.000000,0.000000,0.007406,0.130025,0.000000,0.000423,0.025709,0.090245,0.000000,0.001587,0.032163,0.079877,0.000000,0.000000,0.148752,0.474926,0.000000,0.000000,0.004020,0.003597,0.000000,0.000000,0.000317,0.000000,0.000000,0.000000,0.000000,0.000000,0.000000,0.000000,0.000000,0.000000,0.000000,0.000000,0.000317,0.000635,0.000000,0.000000,0.000000,0.000000,0.000000,0.000000,0.000000,0.000000,0.000000,0.000000,0.000000,0.000000,0.000000,0.000000,0.000000,0.000000,0.000000,0.000000,0.000000,0.000000,0.000000,0.000000,0.000000,0.000000,0.000000,0.000000,0.000000,0.000000
16,2,0.000000,0.004599,0.115508,0.399417,0.000000,0.002618,0.030784,0.036841,0.000068,0.005510,0.013662,0.018853,0.000888,0.002732,0.124138,0.106104,0.000000,0.000023,0.000319,0.000319,0.000000,0.000000,0.000000,0.000000,0.000000,0.000000,0.000000,0.000000,0.000000,0.000000,0.000000,0.000000,0.000000,0.000114,0.001526,0.130035,0.000000,0.000478,0.001913,0.000433,0.000000,0.000159,0.001571,0.000478,0.000000,0.000068,0.000592,0.000250,0.000000,0.000000,0.000000,0.000000,0.000000,0.000000,0.000000,0.000000,0.000000,0.000000,0.000000,0.000000,0.000000,0.000000,0.000000,0.000000
17,2,0.000000,0.000000,0.014655,0.480631,0.000000,0.000008,0.007568,0.164403,0.000000,0.000194,0.011824,0.029433,0.000000,0.000613,0.017500,0.005521,0.000000,0.000000,0.005598,0.003218,0.000000,0.000000,0.000837,0.001396,0.000000,0.000000,0.000000,0.000000,0.000000,0.000000,0.000000,0.000000,0.000000,0.000000,0.002861,0.004047,0.000000,0.000000,0.003101,0.008599,0.000000,0.000031,0.006141,0.023145,0.000000,0.000000,0.013437,0.195239,0.000000,0.000000,0.000000,0.000000,0.000000,0.000000,0.000000,0.000000,0.000000,0.000000,0.000000,0.000000,0.000000,0.000000,0.000000,0.000000
18,2,0.000342,0.009895,0.009906,0.274402,0.000566,0.003238,0.001720,0.012193,0.000224,0.002704,0.006786,0.056947,0.000000,0.000000,0.001870,0.052480,0.000673,0.042927,0.019267,0.009051,0.002607,0.180192,0.005920,0.003078,0.000983,0.216536,0.010259,0.010237,0.000385,0.040480,0.002084,0.000246,0.000075,0.001304,0.000289,0.004275,0.000032,0.001881,0.002682,0.002479,0.000203,0.002682,0.002362,0.002768,0.000021,0.000748,0.000000,0.000000,0.000000,0.000000,0.000000,0.000000,0.000000,0.000000,0.000000,0.000000,0.000000,0.000000,0.000000,0.000000,0.000000,0.000000,0.000000,0.000000
19,2,0.000078,0.000453,0.000390,0.017102,0.000094,0.000343,0.001045,0.005212,0.000000,0.000031,0.000328,0.003963,0.000000,0.000000,0.001436,0.008161,0.000406,0.008442,0.024717,0.014543,0.001202,0.014949,0.037122,0.036560,0.000125,0.007880,0.067737,0.342243,0.000000,0.002450,0.014543,0.109462,0.000281,0.006850,0.006913,0.064632,0.001623,0.003355,0.012858,0.005633,0.000031,0.000250,0.033049,0.027245,0.000000,0.000000,0.028711,0.087554,0.000000,0.000000,0.000000,0.000000,0.000000,0.000000,0.000000,0.000000,0.000000,0.000000,0.000000,0.000000,0.000000,0.000000,0.000000,0.000000
20,2,0.000000,0.000000,0.024888,0.105620,0.000000,0.000000,0.001815,0.278126,0.000000,0.000000,0.001030,0.080324,0.000000,0.000000,0.001876,0.446451,0.000000,0.000000,0.000000,0.000020,0.000000,0.000000,0.000000,0.000000,0.000000,0.000000,0.000000,0.000000,0.000000,0.000000,0.000000,0.000000,0.000000,0.000000,0.007331,0.048400,0.000000,0.000000,0.000540,0.003579,0.000000,0.000000,0.000000,0.000000,0.000000,0.000000,0.000000,0.000000,0.000000,0.000000,0.000000,0.000000,0.000000,0.000000,0.000000,0.000000,0.000000,0.000000,0.000000,0.000000,0.000000,0.000000,0.000000,0.000000
21,2,0.000000,0.000000,0.000116,0.003127,0.000000,0.000000,0.002339,0.015538,0.000000,0.000000,0.003163,0.014759,0.000000,0.000000,0.000170,0.009346,0.000000,0.000000,0.000000,0.000000,0.000000,0.000000,0.000582,0.001210,0.000000,0.000018,0.002832,0.000385,0.000000,0.000000,0.000000,0.000000,0.000000,0.000000,0.000385,0.007563,0.000000,0.000000,0.012859,0.048927,0.000000,0.000000,0.007787,0.463735,0.000000,0.000000,0.000609,0.404547,0.000000,0.000000,0.000000,0.000000,0.000000,0.000000,0.000000,0.000000,0.000000,0.000000,0.000000,0.000000,0.000000,0.000000,0.000000,0.000000
22,2,0.005778,0.020315,0.119155,0.560945,0.003516,0.011330,0.011926,0.001871,0.002714,0.004236,0.000247,0.000000,0.027717,0.000062,0.000000,0.000000,0.005017,0.005058,0.014249,0.006703,0.001809,0.004750,0.003249,0.000000,0.001501,0.000802,0.000021,0.000000,0.025579,0.000781,0.000000,0.000000,0.004503,0.003413,0.012090,0.127421,0.000925,0.000021,0.000000,0.000000,0.001604,0.000000,0.000000,0.000000,0.010692,0.000000,0.000000,0.000000,0.000000,0.000000,0.000000,0.000000,0.000000,0.000000,0.000000,0.000000,0.000000,0.000000,0.000000,0.000000,0.000000,0.000000,0.000000,0.000000
23,2,0.000000,0.007684,0.093987,0.055402,0.000000,0.041220,0.390911,0.035350,0.000000,0.028336,0.027848,0.001590,0.000000,0.019536,0.017473,0.002580,0.000000,0.000000,0.000641,0.000404,0.000000,0.000000,0.000000,0.000000,0.000000,0.000000,0.000000,0.000000,0.000000,0.000000,0.000000,0.000000,0.000000,0.000767,0.010807,0.004811,0.000000,0.001938,0.002371,0.003347,0.000000,0.001157,0.002203,0.000056,0.001130,0.024808,0.056281,0.167364,0.000000,0.000000,0.000000,0.000000,0.000000,0.000000,0.000000,0.000000,0.000000,0.000000,0.000000,0.000000,0.000000,0.000000,0.000000,0.000000
24,2,0.000000,0.000009,0.000204,0.599053,0.000000,0.000195,0.000028,0.060074,0.000148,0.000297,0.001122,0.115021,0.000890,0.000213,0.000167,0.206467,0.000000,0.000056,0.001085,0.001418,0.000009,0.001168,0.000918,0.001354,0.000222,0.000649,0.003291,0.002976,0.000204,0.001159,0.001372,0.000065,0.000000,0.000000,0.000000,0.000167,0.000000,0.000000,0.000000,0.000000,0.000000,0.000000,0.000000,0.000000,0.000000,0.000000,0.000000,0.000000,0.000000,0.000000,0.000000,0.000000,0.000000,0.000000,0.000000,0.000000,0.000000,0.000000,0.000000,0.000000,0.000000,0.000000,0.000000,0.000000
25,2,0.000223,0.000352,0.006860,0.114577,0.000246,0.005441,0.034968,0.017578,0.000926,0.008619,0.053823,0.033349,0.002357,0.008373,0.065456,0.366925,0.000176,0.000152,0.000047,0.000797,0.000012,0.000446,0.002978,0.004268,0.000293,0.002064,0.013227,0.017965,0.000211,0.000938,0.003905,0.000012,0.000164,0.000762,0.003272,0.069290,0.001255,0.004409,0.051455,0.000903,0.000668,0.042965,0.044255,0.000000,0.000844,0.010800,0.001395,0.000000,0.000000,0.000000,0.000000,0.000000,0.000000,0.000000,0.000000,0.000000,0.000000,0.000000,0.000000,0.000000,0.000000,0.000000,0.000000,0.000000
26,2,0.001424,0.024799,0.120596,0.606996,0.003761,0.020082,0.022823,0.012155,0.002848,0.010795,0.000574,0.000000,0.004059,0.001976,0.000000,0.000000,0.000638,0.004654,0.005865,0.002359,0.000085,0.000149,0.000000,0.000000,0.000000,0.000000,0.000000,0.000000,0.000064,0.000000,0.000000,0.000000,0.001530,0.005079,0.010030,0.134876,0.000468,0.001169,0.000064,0.000000,0.000085,0.000000,0.000000,0.000000,0.000000,0.000000,0.000000,0.000000,0.000000,0.000000,0.000000,0.000000,0.000000,0.000000,0.000000,0.000000,0.000000,0.000000,0.000000,0.000000,0.000000,0.000000,0.000000,0.000000
27,2,0.000461,0.003374,0.022767,0.475841,0.000756,0.000516,0.037294,0.071472,0.000701,0.002360,0.065739,0.058383,0.009217,0.008443,0.033607,0.014213,0.000313,0.000018,0.000995,0.000940,0.000037,0.000000,0.000000,0.000000,0.000147,0.000000,0.000000,0.000000,0.000498,0.000000,0.000000,0.000000,0.000166,0.000627,0.008351,0.101797,0.000240,0.000442,0.022564,0.015743,0.000553,0.001143,0.021643,0.008222,0.002323,0.002009,0.003816,0.002267,0.000000,0.000000,0.000000,0.000000,0.000000,0.000000,0.000000,0.000000,0.000000,0.000000,0.000000,0.000000,0.000000,0.000000,0.000000,0.000000
28,2,0.000000,0.000000,0.000312,0.393077,0.000000,0.000000,0.002213,0.079166,0.000000,0.000000,0.000709,0.079421,0.000000,0.000000,0.000000,0.380464,0.000000,0.000000,0.000000,0.000156,0.000000,0.000000,0.000000,0.000000,0.000000,0.000000,0.000000,0.000000,0.000000,0.000000,0.000000,0.000000,0.000000,0.000000,0.000099,0.063659,0.000000,0.000000,0.000057,0.000667,0.000000,0.000000,0.000000,0.000000,0.000000,0.000000,0.000000,0.000000,0.000000,0.000000,0.000000,0.000000,0.000000,0.000000,0.000000,0.000000,0.000000,0.000000,0.000000,0.000000,0.000000,0.000000,0.000000,0.000000
29,2,0.000000,0.000000,0.000000,0.661478,0.000000,0.000000,0.000000,0.000000,0.000000,0.000000,0.000000,0.000000,0.000000,0.000000,0.000000,0.000000,0.000000,0.000000,0.000000,0.001404,0.000000,0.000000,0.000000,0.000000,0.000000,0.000000,0.000000,0.000000,0.000000,0.000000,0.000000,0.000000,0.000000,0.000000,0.000000,0.337117,0.000000,0.000000,0.000000,0.000000,0.000000,0.000000,0.000000,0.000000,0.000000,0.000000,0.000000,0.000000,0.000000,0.000000,0.000000,0.000000,0.000000,0.000000,0.000000,0.000000,0.000000,0.000000,0.000000,0.000000,0.000000,0.000000,0.000000,0.000000
30,2,0.000496,0.013029,0.016754,0.175273,0.001600,0.028664,0.050942,0.027829,0.001827,0.016924,0.051154,0.058320,0.005452,0.006713,0.016726,0.083062,0.001020,0.027786,0.023184,0.009885,0.003654,0.067724,0.016910,0.001260,0.003965,0.032446,0.001076,0.000000,0.008172,0.006359,0.000000,0.000000,0.000666,0.013638,0.019926,0.091304,0.001303,0.020125,0.012491,0.018723,0.001260,0.008172,0.012519,0.023566,0.004999,0.000651,0.002195,0.010254,0.000000,0.000000,0.000000,0.000000,0.000000,0.000000,0.000000,0.000000,0.000000,0.000000,0.000000,0.000000,0.000000,0.000000,0.000000,0.000000
31,2,0.000000,0.000000,0.001194,0.129563,0.000000,0.000000,0.009485,0.029925,0.000000,0.001050,0.010546,0.011641,0.000000,0.001437,0.021281,0.006666,0.000000,0.000000,0.000000,0.000066,0.000000,0.000000,0.000000,0.000000,0.000000,0.000000,0.000000,0.000000,0.000000,0.000000,0.000000,0.000000,0.000000,0.000000,0.006887,0.073935,0.000000,0.000122,0.023315,0.045789,0.000000,0.001625,0.056391,0.087908,0.000000,0.004190,0.306009,0.170974,0.000000,0.000000,0.000000,0.000000,0.000000,0.000000,0.000000,0.000000,0.000000,0.000000,0.000000,0.000000,0.000000,0.000000,0.000000,0.000000
32,2,0.000000,0.000050,0.046836,0.060447,0.000125,0.007756,0.314994,0.307113,0.000425,0.037704,0.116590,0.055643,0.001226,0.032850,0.015137,0.001501,0.000000,0.000000,0.000000,0.000000,0.000000,0.000000,0.000000,0.000000,0.000000,0.000000,0.000000,0.000000,0.000000,0.000000,0.000000,0.000000,0.000000,0.000000,0.000075,0.001526,0.000000,0.000000,0.000000,0.000000,0.000000,0.000000,0.000000,0.000000,0.000000,0.000000,0.000000,0.000000,0.000000,0.000000,0.000000,0.000000,0.000000,0.000000,0.000000,0.000000,0.000000,0.000000,0.000000,0.000000,0.000000,0.000000,0.000000,0.000000
1,3,0.000106,0.008512,0.104420,0.433430,0.000764,0.020230,0.044727,0.035132,0.000976,0.035281,0.072281,0.001316,0.000127,0.036427,0.008406,0.000000,0.000000,0.000106,0.002823,0.007621,0.000000,0.000000,0.000000,0.000000,0.000000,0.000000,0.000000,0.000000,0.000000,0.000000,0.000000,0.000000,0.000042,0.008555,0.043814,0.077630,0.000064,0.011803,0.007791,0.000488,0.000042,0.014159,0.016494,0.000000,0.000382,0.006007,0.000042,0.000000,0.000000,0.000000,0.000000,0.000000,0.000000,0.000000,0.000000,0.000000,0.000000,0.000000,0.000000,0.000000,0.000000,0.000000,0.000000,0.000000
2,3,0.000000,0.000176,0.315852,0.162012,0.000000,0.000000,0.026732,0.054908,0.000000,0.000247,0.010813,0.025006,0.000000,0.000423,0.122671,0.257423,0.000000,0.000000,0.000599,0.000141,0.000000,0.000000,0.000000,0.000000,0.000000,0.000000,0.000000,0.000000,0.000000,0.000000,0.000000,0.000000,0.000000,0.000141,0.003311,0.008875,0.000000,0.000000,0.003804,0.001796,0.000000,0.000282,0.003452,0.000000,0.000000,0.000035,0.001303,0.000000,0.000000,0.000000,0.000000,0.000000,0.000000,0.000000,0.000000,0.000000,0.000000,0.000000,0.000000,0.000000,0.000000,0.000000,0.000000,0.000000
3,3,0.111567,0.140092,0.037599,0.035046,0.031181,0.012960,0.072270,0.033525,0.005386,0.004594,0.106129,0.183108,0.028483,0.002438,0.012387,0.048548,0.018617,0.002542,0.003813,0.004209,0.004365,0.002240,0.000469,0.000000,0.002313,0.000563,0.000000,0.000000,0.011116,0.000104,0.000000,0.000000,0.057654,0.015731,0.003521,0.003261,0.001990,0.000177,0.000531,0.000021,0.000417,0.000010,0.000000,0.000000,0.001021,0.000000,0.000000,0.000000,0.000000,0.000000,0.000000,0.000000,0.000000,0.000000,0.000000,0.000000,0.000000,0.000000,0.000000,0.000000,0.000000,0.000000,0.000000,0.000000
4,3,0.000027,0.016331,0.030039,0.050420,0.001009,0.017569,0.746072,0.014757,0.002166,0.049559,0.008273,0.000000,0.019869,0.028277,0.000027,0.000000,0.000000,0.000027,0.000538,0.000915,0.000215,0.000323,0.000000,0.000000,0.000094,0.000000,0.000000,0.000000,0.000000,0.000000,0.000000,0.000000,0.000040,0.001372,0.005394,0.005973,0.000444,0.000215,0.000000,0.000000,0.000054,0.000000,0.000000,0.000000,0.000000,0.000000,0.000000,0.000000,0.000000,0.000000,0.000000,0.000000,0.000000,0.000000,0.000000,0.000000,0.000000,0.000000,0.000000,0.000000,0.000000,0.000000,0.000000,0.000000
5,3,0.000000,0.000000,0.002862,0.106972,0.000000,0.000732,0.014715,0.173438,0.000000,0.002682,0.027819,0.098860,0.000000,0.048359,0.087176,0.435607,0.000000,0.000000,0.000023,0.000541,0.000000,0.000000,0.000192,0.000000,0.000000,0.000023,0.000000,0.000000,0.000000,0.000000,0.000000,0.000000,0.000000,0.000000,0.000000,0.000000,0.000000,0.000000,0.000000,0.000000,0.000000,0.000000,0.000000,0.000000,0.000000,0.000000,0.000000,0.000000,0.000000,0.000000,0.000000,0.000000,0.000000,0.000000,0.000000,0.000000,0.000000,0.000000,0.000000,0.000000,0.000000,0.000000,0.000000,0.000000
6,3,0.000000,0.000627,0.034503,0.032040,0.000000,0.000328,0.078189,0.102584,0.000000,0.000000,0.125935,0.086669,0.000000,0.000537,0.081981,0.427582,0.000000,0.002284,0.002210,0.005987,0.000000,0.004136,0.000403,0.000000,0.000000,0.000015,0.000000,0.000000,0.000000,0.000000,0.000000,0.000000,0.000000,0.001672,0.006405,0.004315,0.000000,0.001359,0.000239,0.000000,0.000000,0.000000,0.000000,0.000000,0.000000,0.000000,0.000000,0.000000,0.000000,0.000000,0.000000,0.000000,0.000000,0.000000,0.000000,0.000000,0.000000,0.000000,0.000000,0.000000,0.000000,0.000000,0.000000,0.000000
7,3,0.000000,0.000000,0.059202,0.355710,0.000000,0.000000,0.045578,0.190488,0.000000,0.000000,0.024275,0.173644,0.000000,0.000000,0.000000,0.000000,0.000000,0.000000,0.005450,0.008670,0.000000,0.000000,0.000000,0.000000,0.000000,0.000000,0.000000,0.000000,0.000000,0.000000,0.000000,0.000000,0.000000,0.000000,0.014367,0.064900,0.000000,0.000000,0.006936,0.010899,0.000000,0.000000,0.017092,0.022789,0.000000,0.000000,0.000000,0.000000,0.000000,0.000000,0.000000,0.000000,0.000000,0.000000,0.000000,0.000000,0.000000,0.000000,0.000000,0.000000,0.000000,0.000000,0.000000,0.000000
8,3,0.000000,0.000527,0.001875,0.005785,0.000000,0.000136,0.001660,0.004836,0.000000,0.000614,0.001165,0.001157,0.000335,0.001843,0.003064,0.000168,0.000000,0.000000,0.000008,0.000040,0.000000,0.000000,0.000000,0.000000,0.000000,0.000000,0.000000,0.000000,0.000000,0.000000,0.000000,0.000000,0.000000,0.002665,0.011834,0.015289,0.000000,0.009935,0.030148,0.017891,0.000000,0.012672,0.087043,0.055012,0.000662,0.024466,0.476400,0.232770,0.000000,0.000000,0.000000,0.000000,0.000000,0.000000,0.000000,0.000000,0.000000,0.000000,0.000000,0.000000,0.000000,0.000000,0.000000,0.000000
9,3,0.000050,0.006847,0.401334,0.491463,0.000653,0.005302,0.004611,0.001972,0.000879,0.001734,0.000188,0.000000,0.000276,0.000276,0.000000,0.000000,0.000452,0.003668,0.043934,0.004824,0.000314,0.000917,0.000000,0.000000,0.000817,0.000000,0.000000,0.000000,0.000038,0.000000,0.000000,0.000000,0.000239,0.001344,0.026056,0.001646,0.000000,0.000163,0.000000,0.000000,0.000000,0.000000,0.000000,0.000000,0.000000,0.000000,0.000000,0.000000,0.000000,0.000000,0.000000,0.000000,0.000000,0.000000,0.000000,0.000000,0.000000,0.000000,0.000000,0.000000,0.000000,0.000000,0.000000,0.000000
10,3,0.141240,0.075123,0.016075,0.080560,0.029121,0.012964,0.018176,0.022889,0.006946,0.036343,0.014351,0.023399,0.026265,0.026051,0.024143,0.005039,0.007099,0.005804,0.001765,0.002315,0.003101,0.000959,0.000010,0.000000,0.003427,0.000367,0.000000,0.000000,0.012893,0.000204,0.000000,0.000000,0.024011,0.029131,0.030620,0.021614,0.013209,0.071523,0.026540,0.002774,0.007283,0.071043,0.010557,0.000051,0.009578,0.027050,0.058385,0.000000,0.000000,0.000000,0.000000,0.000000,0.000000,0.000000,0.000000,0.000000,0.000000,0.000000,0.000000,0.000000,0.000000,0.000000,0.000000,0.000000
11,3,0.000178,0.001739,0.046343,0.147388,0.000435,0.000455,0.017411,0.064386,0.000099,0.001838,0.013774,0.014684,0.002984,0.002391,0.015751,0.009031,0.000000,0.000178,0.003854,0.000968,0.000000,0.000000,0.000000,0.000000,0.000000,0.000000,0.000000,0.000000,0.000000,0.000000,0.000000,0.000000,0.000158,0.001561,0.029960,0.038517,0.000593,0.002490,0.020158,0.039881,0.001087,0.005356,0.025612,0.016423,0.002154,0.012411,0.123832,0.335922,0.000000,0.000000,0.000000,0.000000,0.000000,0.000000,0.000000,0.000000,0.000000,0.000000,0.000000,0.000000,0.000000,0.000000,0.000000,0.000000
12,3,0.001043,0.007640,0.017035,0.143994,0.003289,0.247982,0.068834,0.022981,0.006257,0.088025,0.087975,0.071872,0.018700,0.056320,0.074950,0.059178,0.000381,0.003369,0.003780,0.002517,0.000401,0.001153,0.000060,0.000000,0.000231,0.000000,0.000000,0.000000,0.000642,0.000000,0.000000,0.000000,0.000572,0.000892,0.001213,0.002797,0.000231,0.000160,0.001664,0.002246,0.000110,0.000311,0.000762,0.000000,0.000010,0.000361,0.000060,0.000000,0.000000,0.000000,0.000000,0.000000,0.000000,0.000000,0.000000,0.000000,0.000000,0.000000,0.000000,0.000000,0.000000,0.000000,0.000000,0.000000
13,3,0.000350,0.003695,0.030625,0.111413,0.000826,0.000770,0.002379,0.010749,0.000322,0.001190,0.001596,0.007334,0.000476,0.000238,0.004731,0.000112,0.000854,0.008832,0.050598,0.027643,0.001652,0.014291,0.022143,0.002911,0.003569,0.007012,0.004297,0.000000,0.005725,0.001442,0.000000,0.000000,0.000182,0.005627,0.038267,0.043725,0.001568,0.004465,0.016880,0.026300,0.001372,0.005879,0.023878,0.051759,0.000994,0.002044,0.068919,0.380371,0.000000,0.000000,0.000000,0.000000,0.000000,0.000000,0.000000,0.000000,0.000000,0.000000,0.000000,0.000000,0.000000,0.000000,0.000000,0.000000
14,3,0.000450,0.028701,0.085924,0.035998,0.001441,0.012819,0.034161,0.016423,0.002171,0.010216,0.023053,0.017071,0.005693,0.012468,0.013378,0.002261,0.000829,0.109238,0.086726,0.041530,0.002288,0.024467,0.055700,0.019522,0.001667,0.014981,0.154489,0.006297,0.002631,0.010990,0.118995,0.000063,0.000261,0.008252,0.022458,0.010414,0.000766,0.002387,0.001360,0.000018,0.000396,0.000216,0.000000,0.000000,0.000694,0.000135,0.000000,0.000000,0.000000,0.000000,0.000000,0.000000,0.000000,0.000000,0.000000,0.000000,0.000000,0.000000,0.000000,0.000000,0.000000,0.000000,0.000000,0.000000
15,3,0.000000,0.000000,0.010002,0.330476,0.000000,0.000000,0.010717,0.053028,0.000000,0.000000,0.014369,0.055807,0.000000,0.000000,0.118758,0.398905,0.000000,0.000000,0.000794,0.005716,0.000000,0.000000,0.000000,0.000000,0.000000,0.000000,0.000000,0.000000,0.000000,0.000000,0.000000,0.000000,0.000000,0.000000,0.000079,0.001350,0.000000,0.000000,0.000000,0.000000,0.000000,0.000000,0.000000,0.000000,0.000000,0.000000,0.000000,0.000000,0.000000,0.000000,0.000000,0.000000,0.000000,0.000000,0.000000,0.000000,0.000000,0.000000,0.000000,0.000000,0.000000,0.000000,0.000000,0.000000
16,3,0.000000,0.000271,0.078908,0.400995,0.000000,0.000640,0.019038,0.082726,0.000000,0.004950,0.014875,0.029603,0.000000,0.001847,0.144148,0.161388,0.000000,0.000000,0.028790,0.001650,0.000000,0.000000,0.018299,0.000000,0.000000,0.000000,0.000000,0.000000,0.000000,0.000000,0.000000,0.000000,0.000000,0.000000,0.001034,0.005738,0.000000,0.000049,0.002340,0.000517,0.000000,0.000074,0.001576,0.000000,0.000000,0.000394,0.000148,0.000000,0.000000,0.000000,0.000000,0.000000,0.000000,0.000000,0.000000,0.000000,0.000000,0.000000,0.000000,0.000000,0.000000,0.000000,0.000000,0.000000
17,3,0.000000,0.000032,0.030171,0.091356,0.000000,0.000084,0.025838,0.307875,0.000000,0.000949,0.025585,0.062713,0.000000,0.002614,0.037097,0.007664,0.000000,0.000000,0.010373,0.001349,0.000000,0.000000,0.001919,0.000042,0.000000,0.000000,0.000000,0.000000,0.000000,0.000000,0.000000,0.000000,0.000000,0.000000,0.008180,0.011997,0.000000,0.000443,0.006230,0.010131,0.000000,0.000980,0.010500,0.027620,0.000000,0.000221,0.024816,0.293222,0.000000,0.000000,0.000000,0.000000,0.000000,0.000000,0.000000,0.000000,0.000000,0.000000,0.000000,0.000000,0.000000,0.000000,0.000000,0.000000
18,3,0.000694,0.016480,0.008301,0.062503,0.000966,0.006137,0.004872,0.013431,0.000218,0.002504,0.010424,0.065837,0.000136,0.000177,0.001538,0.070014,0.000925,0.084112,0.020644,0.032115,0.002395,0.260012,0.004055,0.003198,0.002817,0.215364,0.013282,0.014112,0.000381,0.053671,0.000816,0.000000,0.000259,0.001919,0.000708,0.001796,0.000054,0.002205,0.005362,0.003375,0.000191,0.003552,0.002899,0.003525,0.001089,0.000939,0.000000,0.000000,0.000000,0.000000,0.000000,0.000000,0.000000,0.000000,0.000000,0.000000,0.000000,0.000000,0.000000,0.000000,0.000000,0.000000,0.000000,0.000000
19,3,0.000000,0.000000,0.000030,0.002468,0.000000,0.000000,0.000000,0.003391,0.000000,0.000015,0.000727,0.004481,0.000000,0.000106,0.002119,0.006752,0.000000,0.000000,0.011187,0.045991,0.000000,0.000484,0.030822,0.035863,0.000000,0.000666,0.054362,0.443768,0.000000,0.001590,0.013428,0.133370,0.000000,0.000000,0.000257,0.005631,0.000000,0.001680,0.010779,0.011308,0.000000,0.001726,0.025175,0.036257,0.000000,0.000197,0.027113,0.088257,0.000000,0.000000,0.000000,0.000000,0.000000,0.000000,0.000000,0.000000,0.000000,0.000000,0.000000,0.000000,0.000000,0.000000,0.000000,0.000000
20,3,0.000000,0.000000,0.017856,0.121193,0.000000,0.000000,0.001261,0.246215,0.000000,0.000000,0.001022,0.082443,0.000000,0.000000,0.001473,0.516020,0.000000,0.000000,0.000018,0.000055,0.000000,0.000000,0.000000,0.000000,0.000000,0.000000,0.000000,0.000000,0.000000,0.000000,0.000000,0.000000,0.000000,0.000000,0.000405,0.011966,0.000000,0.000000,0.000000,0.000074,0.000000,0.000000,0.000000,0.000000,0.000000,0.000000,0.000000,0.000000,0.000000,0.000000,0.000000,0.000000,0.000000,0.000000,0.000000,0.000000,0.000000,0.000000,0.000000,0.000000,0.000000,0.000000,0.000000,0.000000
21,3,0.000000,0.000000,0.000086,0.024077,0.000000,0.000000,0.001271,0.020445,0.000000,0.000000,0.002482,0.058115,0.000000,0.000000,0.000301,0.022609,0.000000,0.000000,0.000000,0.000223,0.000000,0.000000,0.001382,0.003830,0.000000,0.000000,0.001365,0.003478,0.000000,0.000000,0.000000,0.000000,0.000000,0.000000,0.001030,0.020188,0.000000,0.000000,0.010837,0.117836,0.000000,0.000000,0.005169,0.598508,0.000000,0.000000,0.000000,0.106768,0.000000,0.000000,0.000000,0.000000,0.000000,0.000000,0.000000,0.000000,0.000000,0.000000,0.000000,0.000000,0.000000,0.000000,0.000000,0.000000
22,3,0.003739,0.008159,0.153962,0.669295,0.006043,0.011246,0.009521,0.002275,0.005768,0.002797,0.000435,0.000000,0.035679,0.001304,0.000000,0.000000,0.003246,0.008072,0.018332,0.013796,0.003058,0.003072,0.000797,0.000014,0.001898,0.001507,0.000000,0.000000,0.014115,0.000435,0.000000,0.000000,0.000493,0.001826,0.004826,0.008652,0.000565,0.000000,0.000000,0.000000,0.001261,0.000014,0.000000,0.000000,0.003797,0.000000,0.000000,0.000000,0.000000,0.000000,0.000000,0.000000,0.000000,0.000000,0.000000,0.000000,0.000000,0.000000,0.000000,0.000000,0.000000,0.000000,0.000000,0.000000
23,3,0.000000,0.007861,0.081578,0.214166,0.000000,0.033602,0.306250,0.032061,0.000000,0.021787,0.022757,0.001905,0.000085,0.015018,0.012907,0.001638,0.000000,0.000036,0.001807,0.000946,0.000000,0.000000,0.000000,0.000000,0.000000,0.000000,0.000000,0.000000,0.000000,0.000000,0.000000,0.000000,0.000000,0.000898,0.007509,0.008637,0.000000,0.000704,0.003081,0.003506,0.000255,0.000813,0.002523,0.000461,0.000934,0.021859,0.052416,0.142001,0.000000,0.000000,0.000000,0.000000,0.000000,0.000000,0.000000,0.000000,0.000000,0.000000,0.000000,0.000000,0.000000,0.000000,0.000000,0.000000
24,3,0.000000,0.000089,0.000000,0.014021,0.000022,0.000465,0.000332,0.131767,0.001307,0.000598,0.001152,0.321454,0.001927,0.001595,0.001063,0.490897,0.000000,0.000354,0.000576,0.002791,0.000930,0.001949,0.003190,0.003433,0.000266,0.000997,0.010543,0.001706,0.000576,0.002747,0.003256,0.000000,0.000000,0.000000,0.000000,0.000000,0.000000,0.000000,0.000000,0.000000,0.000000,0.000000,0.000000,0.000000,0.000000,0.000000,0.000000,0.000000,0.000000,0.000000,0.000000,0.000000,0.000000,0.000000,0.000000,0.000000,0.000000,0.000000,0.000000,0.000000,0.000000,0.000000,0.000000,0.000000
25,3,0.000294,0.001878,0.010411,0.054942,0.000294,0.006655,0.027708,0.024769,0.000434,0.004956,0.059094,0.029943,0.001469,0.008980,0.070885,0.459595,0.000243,0.000077,0.000255,0.003922,0.000217,0.000026,0.003270,0.004637,0.000115,0.001316,0.015176,0.018714,0.000128,0.000792,0.004765,0.000000,0.000511,0.000575,0.002197,0.006451,0.001188,0.006758,0.049603,0.001622,0.000728,0.045196,0.050382,0.000000,0.002465,0.014077,0.002287,0.000000,0.000000,0.000000,0.000000,0.000000,0.000000,0.000000,0.000000,0.000000,0.000000,0.000000,0.000000,0.000000,0.000000,0.000000,0.000000,0.000000
26,3,0.000575,0.049597,0.190868,0.341120,0.003230,0.055526,0.063446,0.069153,0.002035,0.030838,0.047031,0.014866,0.004911,0.017078,0.017875,0.000133,0.000796,0.005619,0.011636,0.013185,0.001549,0.001593,0.002035,0.000000,0.000575,0.001062,0.000000,0.000000,0.000000,0.000000,0.000000,0.000000,0.000752,0.004734,0.016016,0.018273,0.003982,0.000841,0.000088,0.000000,0.001770,0.004070,0.000354,0.000000,0.001460,0.001327,0.000000,0.000000,0.000000,0.000000,0.000000,0.000000,0.000000,0.000000,0.000000,0.000000,0.000000,0.000000,0.000000,0.000000,0.000000,0.000000,0.000000,0.000000
27,3,0.000349,0.001640,0.048342,0.176894,0.000314,0.003211,0.056684,0.129703,0.000140,0.001955,0.072949,0.128447,0.004712,0.013159,0.051693,0.045689,0.000000,0.000035,0.003351,0.004398,0.000977,0.002304,0.000838,0.000000,0.001571,0.000035,0.000000,0.000000,0.011169,0.000489,0.000000,0.000000,0.000838,0.001187,0.022129,0.045236,0.000733,0.002443,0.035009,0.019860,0.000733,0.001815,0.036510,0.033822,0.006771,0.008307,0.013019,0.010541,0.000000,0.000000,0.000000,0.000000,0.000000,0.000000,0.000000,0.000000,0.000000,0.000000,0.000000,0.000000,0.000000,0.000000,0.000000,0.000000
28,3,0.000000,0.000409,0.001112,0.174600,0.000000,0.000817,0.006015,0.127954,0.000000,0.000136,0.005266,0.108750,0.000000,0.000000,0.000023,0.548701,0.000000,0.000409,0.000000,0.000000,0.000000,0.000499,0.000000,0.000000,0.000000,0.000000,0.000000,0.000000,0.000000,0.000000,0.000000,0.000000,0.000068,0.002202,0.003677,0.005062,0.000318,0.005243,0.001158,0.002315,0.000431,0.001407,0.002315,0.001112,0.000000,0.000000,0.000000,0.000000,0.000000,0.000000,0.000000,0.000000,0.000000,0.000000,0.000000,0.000000,0.000000,0.000000,0.000000,0.000000,0.000000,0.000000,0.000000,0.000000
29,3,0.000000,0.000000,0.000000,0.938873,0.000000,0.000000,0.000000,0.000000,0.000000,0.000000,0.000000,0.000000,0.000000,0.000000,0.000000,0.000000,0.000000,0.000000,0.000000,0.000000,0.000000,0.000000,0.000000,0.000000,0.000000,0.000000,0.000000,0.000000,0.000000,0.000000,0.000000,0.000000,0.000000,0.000000,0.000000,0.061127,0.000000,0.000000,0.000000,0.000000,0.000000,0.000000,0.000000,0.000000,0.000000,0.000000,0.000000,0.000000,0.000000,0.000000,0.000000,0.000000,0.000000,0.000000,0.000000,0.000000,0.000000,0.000000,0.000000,0.000000,0.000000,0.000000,0.000000,0.000000
30,3,0.000860,0.012482,0.050235,0.336491,0.001115,0.018124,0.022316,0.019884,0.000833,0.005213,0.008021,0.050155,0.000806,0.000403,0.010748,0.083622,0.001303,0.017668,0.057181,0.023136,0.002821,0.025809,0.009163,0.001988,0.002069,0.039729,0.000242,0.000000,0.008276,0.011299,0.000000,0.000000,0.001088,0.006315,0.063053,0.063415,0.003144,0.003534,0.004487,0.007282,0.001532,0.003063,0.002445,0.010090,0.000511,0.000067,0.003534,0.004447,0.000000,0.000000,0.000000,0.000000,0.000000,0.000000,0.000000,0.000000,0.000000,0.000000,0.000000,0.000000,0.000000,0.000000,0.000000,0.000000
31,3,0.000000,0.000000,0.002588,0.027836,0.000000,0.000112,0.003988,0.024207,0.000000,0.000302,0.009678,0.008132,0.000000,0.002890,0.021306,0.011000,0.000000,0.000000,0.000000,0.000000,0.000000,0.000000,0.000000,0.000000,0.000000,0.000000,0.000000,0.000000,0.000000,0.000000,0.000000,0.000000,0.000000,0.000000,0.009656,0.031667,0.000000,0.000403,0.022639,0.032653,0.000000,0.000963,0.062864,0.076015,0.000000,0.005030,0.457904,0.188166,0.000000,0.000000,0.000000,0.000000,0.000000,0.000000,0.000000,0.000000,0.000000,0.000000,0.000000,0.000000,0.000000,0.000000,0.000000,0.000000
32,3,0.000000,0.000000,0.023558,0.396138,0.000000,0.010900,0.141044,0.231108,0.000000,0.045309,0.068312,0.042442,0.000349,0.028516,0.008682,0.001156,0.000000,0.000000,0.000000,0.000000,0.000000,0.001030,0.000000,0.001188,0.000000,0.000222,0.000000,0.000000,0.000000,0.000000,0.000000,0.000000,0.000000,0.000000,0.000000,0.000048,0.000000,0.000000,0.000000,0.000000,0.000000,0.000000,0.000000,0.000000,0.000000,0.000000,0.000000,0.000000,0.000000,0.000000,0.000000,0.000000,0.000000,0.000000,0.000000,0.000000,0.000000,0.000000,0.000000,0.000000,0.000000,0.000000,0.000000,0.000000
1,4,0.000000,0.010043,0.125638,0.317271,0.000042,0.016921,0.042955,0.039432,0.000464,0.037090,0.064496,0.003523,0.001203,0.030613,0.009768,0.000000,0.000000,0.002025,0.007616,0.006983,0.000000,0.000021,0.000000,0.000000,0.000000,0.000000,0.000000,0.000000,0.000000,0.000000,0.000000,0.000000,0.000000,0.016077,0.042576,0.158910,0.000021,0.020592,0.010317,0.001920,0.000464,0.009684,0.014157,0.000169,0.001371,0.006583,0.001055,0.000000,0.000000,0.000000,0.000000,0.000000,0.000000,0.000000,0.000000,0.000000,0.000000,0.000000,0.000000,0.000000,0.000000,0.000000,0.000000,0.000000
2,4,0.000000,0.000032,0.135735,0.320093,0.000000,0.000158,0.019891,0.074103,0.000000,0.000000,0.013419,0.023712,0.000000,0.001579,0.116475,0.201503,0.000000,0.000000,0.023459,0.001137,0.000000,0.000000,0.013514,0.000000,0.000000,0.000000,0.000000,0.000000,0.000000,0.000000,0.000000,0.000000,0.000000,0.000000,0.004199,0.042782,0.000000,0.000000,0.003284,0.001926,0.000000,0.000000,0.002999,0.000000,0.000000,0.000000,0.000000,0.000000,0.000000,0.000000,0.000000,0.000000,0.000000,0.000000,0.000000,0.000000,0.000000,0.000000,0.000000,0.000000,0.000000,0.000000,0.000000,0.000000
3,4,0.131369,0.105722,0.029116,0.052199,0.022374,0.010604,0.058708,0.021963,0.005260,0.002900,0.121725,0.134428,0.021767,0.001194,0.052693,0.039776,0.026981,0.004421,0.005148,0.001949,0.004113,0.001539,0.000009,0.000000,0.002462,0.001175,0.000000,0.000000,0.009774,0.000522,0.000000,0.000000,0.062504,0.009457,0.005530,0.047340,0.002080,0.000252,0.001194,0.000075,0.000597,0.000000,0.000159,0.000000,0.000923,0.000000,0.000000,0.000000,0.000000,0.000000,0.000000,0.000000,0.000000,0.000000,0.000000,0.000000,0.000000,0.000000,0.000000,0.000000,0.000000,0.000000,0.000000,0.000000
4,4,0.000036,0.015096,0.027980,0.171763,0.000746,0.015457,0.592419,0.009491,0.001684,0.038108,0.007675,0.000000,0.014772,0.025273,0.000000,0.000000,0.000072,0.000144,0.000433,0.000517,0.000072,0.000349,0.000012,0.000000,0.000000,0.000000,0.000000,0.000000,0.000000,0.000000,0.000000,0.000000,0.000012,0.001780,0.003693,0.070454,0.000806,0.000481,0.000000,0.000000,0.000613,0.000000,0.000000,0.000000,0.000060,0.000000,0.000000,0.000000,0.000000,0.000000,0.000000,0.000000,0.000000,0.000000,0.000000,0.000000,0.000000,0.000000,0.000000,0.000000,0.000000,0.000000,0.000000,0.000000
5,4,0.000000,0.000000,0.004207,0.043655,0.000000,0.001077,0.012891,0.196879,0.000000,0.002345,0.026635,0.109210,0.000000,0.048165,0.088364,0.424207,0.000000,0.000000,0.000404,0.000471,0.000000,0.000000,0.000505,0.000000,0.000000,0.000045,0.000011,0.000000,0.000000,0.000011,0.000000,0.000000,0.000000,0.000000,0.000000,0.040917,0.000000,0.000000,0.000000,0.000000,0.000000,0.000000,0.000000,0.000000,0.000000,0.000000,0.000000,0.000000,0.000000,0.000000,0.000000,0.000000,0.000000,0.000000,0.000000,0.000000,0.000000,0.000000,0.000000,0.000000,0.000000,0.000000,0.000000,0.000000
6,4,0.000000,0.001978,0.058789,0.023470,0.000000,0.002223,0.064277,0.139055,0.000000,0.000261,0.139807,0.071896,0.000000,0.001027,0.055417,0.406941,0.000000,0.001533,0.006331,0.004047,0.000000,0.004062,0.005396,0.000399,0.000000,0.000521,0.004062,0.000000,0.000000,0.000000,0.000000,0.000000,0.000000,0.000445,0.004875,0.001640,0.000000,0.000445,0.001104,0.000000,0.000000,0.000000,0.000000,0.000000,0.000000,0.000000,0.000000,0.000000,0.000000,0.000000,0.000000,0.000000,0.000000,0.000000,0.000000,0.000000,0.000000,0.000000,0.000000,0.000000,0.000000,0.000000,0.000000,0.000000
7,4,0.000000,0.000000,0.001775,0.915442,0.000000,0.000000,0.006066,0.012931,0.000000,0.000000,0.003054,0.014870,0.000000,0.000000,0.004498,0.004773,0.000000,0.000000,0.000000,0.000688,0.000000,0.000000,0.000000,0.000000,0.000000,0.000000,0.000000,0.000000,0.000000,0.000000,0.000000,0.000000,0.000000,0.000000,0.003123,0.017828,0.000000,0.000000,0.002160,0.002050,0.000000,0.000000,0.001568,0.004498,0.000000,0.000000,0.000193,0.004484,0.000000,0.000000,0.000000,0.000000,0.000000,0.000000,0.000000,0.000000,0.000000,0.000000,0.000000,0.000000,0.000000,0.000000,0.000000,0.000000
8,4,0.000000,0.000032,0.001183,0.019199,0.000000,0.000016,0.002117,0.004210,0.000000,0.000523,0.002029,0.000845,0.000129,0.001433,0.001731,0.000113,0.000000,0.000000,0.000000,0.000000,0.000000,0.000000,0.000000,0.000000,0.000000,0.000000,0.000000,0.000000,0.000000,0.000000,0.000000,0.000000,0.000000,0.000258,0.009024,0.034960,0.000000,0.003107,0.026540,0.013846,0.000000,0.015971,0.093739,0.040909,0.000700,0.028319,0.528238,0.170831,0.000000,0.000000,0.000000,0.000000,0.000000,0.000000,0.000000,0.000000,0.000000,0.000000,0.000000,0.000000,0.000000,0.000000,0.000000,0.000000
9,4,0.000115,0.008360,0.296523,0.579455,0.000918,0.013924,0.013788,0.000631,0.004683,0.005783,0.000177,0.000000,0.001742,0.000694,0.000000,0.000000,0.000110,0.002446,0.059628,0.003160,0.000433,0.000933,0.000073,0.000000,0.000433,0.000120,0.000000,0.000000,0.000026,0.000000,0.000000,0.000000,0.000000,0.000256,0.004120,0.001465,0.000000,0.000005,0.000000,0.000000,0.000000,0.000000,0.000000,0.000000,0.000000,0.000000,0.000000,0.000000,0.000000,0.000000,0.000000,0.000000,0.000000,0.000000,0.000000,0.000000,0.000000,0.000000,0.000000,0.000000,0.000000,0.000000,0.000000,0.000000
10,4,0.128261,0.079546,0.009991,0.048593,0.023454,0.008552,0.013228,0.020999,0.005814,0.057503,0.016210,0.008223,0.025863,0.016916,0.013134,0.000169,0.008740,0.006586,0.001486,0.001157,0.003716,0.000405,0.000263,0.000000,0.003105,0.000555,0.000000,0.000000,0.012419,0.000141,0.000000,0.000000,0.030087,0.025628,0.017471,0.062809,0.010866,0.054699,0.046062,0.003067,0.007263,0.110658,0.019691,0.000169,0.012071,0.032025,0.052403,0.000000,0.000000,0.000000,0.000000,0.000000,0.000000,0.000000,0.000000,0.000000,0.000000,0.000000,0.000000,0.000000,0.000000,0.000000,0.000000,0.000000
11,4,0.000000,0.000961,0.029024,0.100771,0.000000,0.000641,0.018147,0.049614,0.000000,0.001622,0.016405,0.009314,0.000000,0.007391,0.011337,0.005989,0.000060,0.001242,0.002143,0.001602,0.000020,0.000160,0.000000,0.000000,0.000000,0.000000,0.000000,0.000000,0.000000,0.000000,0.000000,0.000000,0.000361,0.003545,0.018728,0.109725,0.000060,0.004807,0.029144,0.050095,0.000861,0.003585,0.026400,0.012058,0.004807,0.007171,0.118738,0.353470,0.000000,0.000000,0.000000,0.000000,0.000000,0.000000,0.000000,0.000000,0.000000,0.000000,0.000000,0.000000,0.000000,0.000000,0.000000,0.000000
12,4,0.001057,0.008315,0.026981,0.014717,0.003950,0.271198,0.076793,0.016113,0.005421,0.149901,0.103951,0.045749,0.025346,0.057095,0.036705,0.144480,0.000629,0.003233,0.002138,0.000868,0.000906,0.001233,0.000201,0.000000,0.000642,0.000013,0.000000,0.000000,0.000252,0.000000,0.000000,0.000000,0.000151,0.000503,0.001170,0.000277,0.000000,0.000013,0.000000,0.000000,0.000000,0.000000,0.000000,0.000000,0.000000,0.000000,0.000000,0.000000,0.000000,0.000000,0.000000,0.000000,0.000000,0.000000,0.000000,0.000000,0.000000,0.000000,0.000000,0.000000,0.000000,0.000000,0.000000,0.000000
13,4,0.000015,0.002328,0.030675,0.056078,0.000324,0.001495,0.004516,0.013395,0.000308,0.000324,0.004409,0.008046,0.000663,0.000000,0.005827,0.000308,0.000031,0.007229,0.046983,0.020964,0.001557,0.012779,0.017465,0.008016,0.001295,0.006967,0.018652,0.003314,0.005025,0.003114,0.001665,0.000000,0.000092,0.007199,0.032802,0.101998,0.000740,0.004193,0.020948,0.019993,0.000663,0.001865,0.029550,0.046166,0.001973,0.001649,0.071739,0.374665,0.000000,0.000000,0.000000,0.000000,0.000000,0.000000,0.000000,0.000000,0.000000,0.000000,0.000000,0.000000,0.000000,0.000000,0.000000,0.000000
14,4,0.001180,0.022763,0.079370,0.187995,0.001552,0.011187,0.026764,0.014138,0.001924,0.009530,0.025301,0.012594,0.006927,0.015375,0.014469,0.003427,0.001390,0.077754,0.059025,0.014987,0.002773,0.022027,0.056858,0.018810,0.002821,0.018527,0.127572,0.007291,0.003912,0.005763,0.063786,0.000024,0.000582,0.018794,0.040781,0.014987,0.000234,0.004228,0.000897,0.000477,0.000445,0.000299,0.000000,0.000000,0.000259,0.000202,0.000000,0.000000,0.000000,0.000000,0.000000,0.000000,0.000000,0.000000,0.000000,0.000000,0.000000,0.000000,0.000000,0.000000,0.000000,0.000000,0.000000,0.000000
15,4,0.000000,0.000000,0.010466,0.168682,0.000000,0.000406,0.023575,0.059953,0.000000,0.000000,0.024997,0.080175,0.000000,0.000000,0.147546,0.479931,0.000000,0.000000,0.000000,0.004268,0.000000,0.000000,0.000000,0.000000,0.000000,0.000000,0.000000,0.000000,0.000000,0.000000,0.000000,0.000000,0.000000,0.000000,0.000000,0.000000,0.000000,0.000000,0.000000,0.000000,0.000000,0.000000,0.000000,0.000000,0.000000,0.000000,0.000000,0.000000,0.000000,0.000000,0.000000,0.000000,0.000000,0.000000,0.000000,0.000000,0.000000,0.000000,0.000000,0.000000,0.000000,0.000000,0.000000,0.000000
16,4,0.000000,0.000000,0.047177,0.623638,0.000000,0.000664,0.008777,0.049732,0.000000,0.000058,0.011275,0.019142,0.000000,0.000563,0.071155,0.090745,0.000000,0.000000,0.021914,0.001126,0.000000,0.000000,0.011592,0.000000,0.000000,0.000000,0.000000,0.000000,0.000000,0.000000,0.000000,0.000000,0.000000,0.000000,0.000924,0.032799,0.000000,0.000303,0.003118,0.002757,0.000000,0.000866,0.000953,0.000101,0.000000,0.000303,0.000303,0.000014,0.000000,0.000000,0.000000,0.000000,0.000000,0.000000,0.000000,0.000000,0.000000,0.000000,0.000000,0.000000,0.000000,0.000000,0.000000,0.000000
17,4,0.000000,0.000278,0.002656,0.507614,0.000023,0.000409,0.009513,0.104452,0.000093,0.000857,0.022501,0.066554,0.000000,0.000378,0.015266,0.003830,0.000000,0.000378,0.002170,0.000255,0.000000,0.000255,0.000015,0.000000,0.000000,0.000000,0.000000,0.000000,0.000000,0.000000,0.000000,0.000000,0.000000,0.000100,0.001984,0.004085,0.000000,0.000046,0.005475,0.015343,0.000000,0.000494,0.008780,0.025412,0.000000,0.000039,0.016880,0.183863,0.000000,0.000000,0.000000,0.000000,0.000000,0.000000,0.000000,0.000000,0.000000,0.000000,0.000000,0.000000,0.000000,0.000000,0.000000,0.000000
18,4,0.000951,0.007350,0.012956,0.015954,0.000865,0.006399,0.003300,0.007249,0.000721,0.003747,0.012913,0.062446,0.000014,0.000259,0.004482,0.081383,0.001139,0.057877,0.032916,0.010982,0.002248,0.188678,0.004612,0.002868,0.006197,0.332738,0.013518,0.013316,0.001571,0.075633,0.000058,0.000000,0.000764,0.001427,0.000749,0.000821,0.000216,0.003430,0.004050,0.004569,0.000058,0.004439,0.005851,0.005678,0.000418,0.002162,0.000014,0.000014,0.000000,0.000000,0.000000,0.000000,0.000000,0.000000,0.000000,0.000000,0.000000,0.000000,0.000000,0.000000,0.000000,0.000000,0.000000,0.000000
19,4,0.000163,0.000631,0.000172,0.437422,0.000115,0.000000,0.000057,0.003299,0.000000,0.000000,0.000172,0.002467,0.000000,0.000000,0.000708,0.003318,0.000038,0.005202,0.012890,0.011389,0.000296,0.007813,0.026364,0.022893,0.000038,0.006933,0.039044,0.200241,0.000000,0.001473,0.006369,0.071471,0.000153,0.006216,0.004820,0.003376,0.001434,0.003376,0.008434,0.005212,0.000258,0.000545,0.016008,0.019010,0.000000,0.000019,0.016639,0.053522,0.000000,0.000000,0.000000,0.000000,0.000000,0.000000,0.000000,0.000000,0.000000,0.000000,0.000000,0.000000,0.000000,0.000000,0.000000,0.000000
20,4,0.000000,0.000000,0.017668,0.443315,0.000000,0.000000,0.001908,0.163560,0.000000,0.000000,0.000000,0.063042,0.000000,0.000000,0.000000,0.272523,0.000000,0.000222,0.003195,0.001343,0.000000,0.000278,0.000083,0.000000,0.000000,0.000019,0.000000,0.000000,0.000000,0.000000,0.000000,0.000000,0.000000,0.000000,0.007158,0.018252,0.000000,0.000000,0.000361,0.007075,0.000000,0.000000,0.000000,0.000000,0.000000,0.000000,0.000000,0.000000,0.000000,0.000000,0.000000,0.000000,0.000000,0.000000,0.000000,0.000000,0.000000,0.000000,0.000000,0.000000,0.000000,0.000000,0.000000,0.000000
21,4,0.000000,0.000000,0.000000,0.025845,0.000000,0.000000,0.000670,0.013159,0.000000,0.000000,0.001946,0.008079,0.000000,0.000000,0.001036,0.013980,0.000000,0.000000,0.000000,0.000402,0.000000,0.000000,0.000839,0.003776,0.000000,0.000000,0.001437,0.001937,0.000000,0.000000,0.000000,0.000000,0.000000,0.000000,0.001473,0.053708,0.000000,0.000000,0.011347,0.068965,0.000000,0.000000,0.006794,0.560832,0.000000,0.000000,0.001232,0.222544,0.000000,0.000000,0.000000,0.000000,0.000000,0.000000,0.000000,0.000000,0.000000,0.000000,0.000000,0.000000,0.000000,0.000000,0.000000,0.000000
22,4,0.003868,0.018406,0.264341,0.476567,0.005675,0.010075,0.011754,0.003039,0.003571,0.005972,0.000765,0.000000,0.031372,0.000871,0.000000,0.000000,0.002147,0.010308,0.025612,0.008268,0.003401,0.007864,0.000128,0.000000,0.004974,0.000935,0.000000,0.000000,0.027461,0.000170,0.000000,0.000000,0.002380,0.003677,0.020107,0.040447,0.000213,0.000064,0.000000,0.000000,0.001126,0.000000,0.000000,0.000000,0.004442,0.000000,0.000000,0.000000,0.000000,0.000000,0.000000,0.000000,0.000000,0.000000,0.000000,0.000000,0.000000,0.000000,0.000000,0.000000,0.000000,0.000000,0.000000,0.000000
23,4,0.000000,0.001814,0.062613,0.190989,0.000000,0.023293,0.283604,0.055358,0.000068,0.018351,0.026217,0.003706,0.000193,0.013137,0.015460,0.005860,0.000000,0.000000,0.000771,0.000725,0.000000,0.000000,0.000000,0.000000,0.000000,0.000000,0.000000,0.000000,0.000000,0.000000,0.000000,0.000000,0.000000,0.000147,0.006925,0.087719,0.000000,0.000612,0.002346,0.002188,0.000079,0.001224,0.001440,0.001156,0.000272,0.012423,0.040453,0.140856,0.000000,0.000000,0.000000,0.000000,0.000000,0.000000,0.000000,0.000000,0.000000,0.000000,0.000000,0.000000,0.000000,0.000000,0.000000,0.000000
24,4,0.000271,0.000406,0.000000,0.006407,0.000180,0.000857,0.000496,0.147588,0.000000,0.001602,0.001286,0.285137,0.000000,0.003113,0.000384,0.502527,0.000068,0.000180,0.000699,0.001963,0.000000,0.003610,0.001399,0.002008,0.000000,0.004647,0.008505,0.000023,0.000000,0.002843,0.003294,0.000000,0.000000,0.000000,0.000000,0.020507,0.000000,0.000000,0.000000,0.000000,0.000000,0.000000,0.000000,0.000000,0.000000,0.000000,0.000000,0.000000,0.000000,0.000000,0.000000,0.000000,0.000000,0.000000,0.000000,0.000000,0.000000,0.000000,0.000000,0.000000,0.000000,0.000000,0.000000,0.000000
25,4,0.000114,0.000738,0.006100,0.167876,0.000227,0.005044,0.029627,0.029547,0.000420,0.006180,0.040225,0.033773,0.000591,0.011269,0.068761,0.335571,0.000114,0.000023,0.000738,0.000863,0.000295,0.000159,0.002851,0.005873,0.000023,0.001477,0.011678,0.015370,0.000000,0.001977,0.003306,0.000023,0.000170,0.001931,0.002556,0.055834,0.001624,0.009167,0.053005,0.001000,0.000318,0.037556,0.043327,0.000000,0.000761,0.011053,0.000863,0.000000,0.000000,0.000000,0.000000,0.000000,0.000000,0.000000,0.000000,0.000000,0.000000,0.000000,0.000000,0.000000,0.000000,0.000000,0.000000,0.000000
26,4,0.003304,0.070518,0.306712,0.255499,0.004767,0.042906,0.066884,0.059001,0.007552,0.027141,0.015293,0.004012,0.023884,0.014727,0.006891,0.000000,0.000991,0.017842,0.016992,0.006183,0.000472,0.002596,0.000283,0.000000,0.000708,0.000000,0.000000,0.000000,0.000000,0.000000,0.000000,0.000000,0.000189,0.008638,0.012791,0.013971,0.000189,0.002785,0.000661,0.000000,0.000142,0.002832,0.000708,0.000000,0.001746,0.000189,0.000000,0.000000,0.000000,0.000000,0.000000,0.000000,0.000000,0.000000,0.000000,0.000000,0.000000,0.000000,0.000000,0.000000,0.000000,0.000000,0.000000,0.000000
27,4,0.000186,0.002004,0.073615,0.074840,0.000000,0.002300,0.106304,0.182739,0.000223,0.004341,0.128121,0.065675,0.011317,0.018738,0.052948,0.007495,0.000297,0.001447,0.009610,0.003228,0.000371,0.001076,0.000371,0.000000,0.000816,0.001336,0.000000,0.000000,0.011725,0.000000,0.000000,0.000000,0.000482,0.000779,0.039702,0.023487,0.000074,0.000260,0.051130,0.034062,0.000668,0.003785,0.035435,0.005751,0.002449,0.010909,0.025899,0.004007,0.000000,0.000000,0.000000,0.000000,0.000000,0.000000,0.000000,0.000000,0.000000,0.000000,0.000000,0.000000,0.000000,0.000000,0.000000,0.000000
28,4,0.000000,0.000000,0.000000,0.318409,0.000000,0.000000,0.000951,0.082776,0.000000,0.000000,0.001727,0.083315,0.000000,0.000000,0.000000,0.406764,0.000000,0.000000,0.000000,0.000333,0.000000,0.000000,0.000000,0.000000,0.000000,0.000000,0.000000,0.000000,0.000000,0.000000,0.000000,0.000000,0.000000,0.000000,0.000000,0.105376,0.000000,0.000000,0.000000,0.000349,0.000000,0.000000,0.000000,0.000000,0.000000,0.000000,0.000000,0.000000,0.000000,0.000000,0.000000,0.000000,0.000000,0.000000,0.000000,0.000000,0.000000,0.000000,0.000000,0.000000,0.000000,0.000000,0.000000,0.000000
29,4,0.000000,0.000000,0.000000,0.631189,0.000000,0.000000,0.000000,0.000000,0.000000,0.000000,0.000000,0.000000,0.000000,0.000000,0.000000,0.000000,0.000000,0.000000,0.000000,0.001041,0.000000,0.000000,0.000000,0.000000,0.000000,0.000000,0.000000,0.000000,0.000000,0.000000,0.000000,0.000000,0.000000,0.000000,0.000000,0.367770,0.000000,0.000000,0.000000,0.000000,0.000000,0.000000,0.000000,0.000000,0.000000,0.000000,0.000000,0.000000,0.000000,0.000000,0.000000,0.000000,0.000000,0.000000,0.000000,0.000000,0.000000,0.000000,0.000000,0.000000,0.000000,0.000000,0.000000,0.000000
30,4,0.001752,0.012459,0.079764,0.214497,0.000701,0.000944,0.004828,0.019800,0.000426,0.001142,0.004463,0.058075,0.000000,0.000228,0.007631,0.086405,0.001310,0.013814,0.167418,0.043317,0.002208,0.005011,0.009656,0.001036,0.001173,0.001843,0.000305,0.000000,0.000061,0.000000,0.000000,0.000000,0.000350,0.005179,0.095528,0.106814,0.000046,0.000061,0.001752,0.009672,0.000000,0.002026,0.002559,0.017851,0.000000,0.000152,0.003168,0.014576,0.000000,0.000000,0.000000,0.000000,0.000000,0.000000,0.000000,0.000000,0.000000,0.000000,0.000000,0.000000,0.000000,0.000000,0.000000,0.000000
31,4,0.000000,0.000000,0.002174,0.006329,0.000000,0.000096,0.005513,0.024248,0.000000,0.000721,0.013607,0.010497,0.000000,0.001345,0.030829,0.013643,0.000000,0.000000,0.000024,0.000012,0.000000,0.000000,0.000000,0.000000,0.000000,0.000000,0.000000,0.000000,0.000000,0.000000,0.000000,0.000000,0.000000,0.000000,0.006509,0.011770,0.000000,0.000240,0.023419,0.032571,0.000000,0.002126,0.089906,0.072588,0.000000,0.003867,0.506780,0.141188,0.000000,0.000000,0.000000,0.000000,0.000000,0.000000,0.000000,0.000000,0.000000,0.000000,0.000000,0.000000,0.000000,0.000000,0.000000,0.000000
32,4,0.000000,0.000322,0.030661,0.162824,0.000000,0.003470,0.213641,0.274375,0.000000,0.014202,0.120008,0.036596,0.000000,0.007679,0.015321,0.000493,0.000000,0.000000,0.000000,0.000038,0.000000,0.000000,0.000000,0.000000,0.000000,0.000000,0.000000,0.000000,0.000000,0.000000,0.000000,0.000000,0.000000,0.000000,0.000000,0.120369,0.000000,0.000000,0.000000,0.000000,0.000000,0.000000,0.000000,0.000000,0.000000,0.000000,0.000000,0.000000,0.000000,0.000000,0.000000,0.000000,0.000000,0.000000,0.000000,0.000000,0.000000,0.000000,0.000000,0.000000,0.000000,0.000000,0.000000,0.000000
1,5,0.000144,0.003799,0.118640,0.472732,0.000287,0.017063,0.043366,0.027042,0.000390,0.027904,0.063098,0.000760,0.001478,0.032463,0.005647,0.000000,0.000000,0.000062,0.013162,0.020862,0.000000,0.000000,0.000000,0.000000,0.000000,0.000000,0.000000,0.000000,0.000000,0.000000,0.000000,0.000000,0.000021,0.004250,0.033818,0.064741,0.000103,0.011437,0.005585,0.000205,0.000041,0.015174,0.009712,0.000000,0.000123,0.005811,0.000082,0.000000,0.000000,0.000000,0.000000,0.000000,0.000000,0.000000,0.000000,0.000000,0.000000,0.000000,0.000000,0.000000,0.000000,0.000000,0.000000,0.000000
2,5,0.000000,0.000134,0.194338,0.255246,0.000000,0.000100,0.023092,0.066029,0.000000,0.000535,0.022657,0.023828,0.000000,0.000033,0.176299,0.182725,0.000000,0.000000,0.020147,0.002644,0.000000,0.000000,0.005857,0.000000,0.000000,0.000000,0.000000,0.000000,0.000000,0.000000,0.000000,0.000000,0.000000,0.000000,0.006057,0.010441,0.000000,0.000000,0.004484,0.001104,0.000000,0.000703,0.003547,0.000000,0.000000,0.000000,0.000000,0.000000,0.000000,0.000000,0.000000,0.000000,0.000000,0.000000,0.000000,0.000000,0.000000,0.000000,0.000000,0.000000,0.000000,0.000000,0.000000,0.000000
3,5,0.113952,0.117250,0.017496,0.112644,0.022792,0.009666,0.066460,0.026653,0.004824,0.004542,0.120793,0.099309,0.023764,0.004497,0.017115,0.104432,0.022874,0.002253,0.005069,0.002889,0.004715,0.001671,0.000000,0.000000,0.003134,0.000836,0.000000,0.000000,0.010165,0.000055,0.000000,0.000000,0.056413,0.010719,0.002634,0.006641,0.001617,0.000218,0.000036,0.000236,0.000354,0.000000,0.000000,0.000000,0.001281,0.000000,0.000000,0.000000,0.000000,0.000000,0.000000,0.000000,0.000000,0.000000,0.000000,0.000000,0.000000,0.000000,0.000000,0.000000,0.000000,0.000000,0.000000,0.000000
4,5,0.000266,0.015679,0.038176,0.064299,0.000728,0.017191,0.737835,0.013621,0.001498,0.030351,0.007532,0.000000,0.013551,0.028909,0.000000,0.000000,0.000196,0.000112,0.001106,0.001302,0.001162,0.001834,0.000000,0.000000,0.001638,0.001512,0.000000,0.000000,0.005306,0.000770,0.000000,0.000000,0.000798,0.002660,0.002394,0.005614,0.001302,0.000882,0.000000,0.000000,0.001106,0.000000,0.000000,0.000000,0.000672,0.000000,0.000000,0.000000,0.000000,0.000000,0.000000,0.000000,0.000000,0.000000,0.000000,0.000000,0.000000,0.000000,0.000000,0.000000,0.000000,0.000000,0.000000,0.000000
5,5,0.000000,0.000003,0.008526,0.681320,0.000000,0.000758,0.009012,0.011802,0.000000,0.001719,0.010276,0.015609,0.000000,0.027845,0.022522,0.195371,0.000000,0.000000,0.000293,0.002442,0.000000,0.000014,0.000090,0.000000,0.000000,0.000169,0.000000,0.000000,0.000000,0.000093,0.000000,0.000000,0.000000,0.000000,0.000000,0.012136,0.000000,0.000000,0.000000,0.000000,0.000000,0.000000,0.000000,0.000000,0.000000,0.000000,0.000000,0.000000,0.000000,0.000000,0.000000,0.000000,0.000000,0.000000,0.000000,0.000000,0.000000,0.000000,0.000000,0.000000,0.000000,0.000000,0.000000,0.000000
6,5,0.000909,0.004006,0.044128,0.076962,0.000185,0.001787,0.132307,0.111075,0.000000,0.000678,0.027626,0.051508,0.000000,0.001340,0.012604,0.382700,0.000493,0.001310,0.017611,0.003898,0.000247,0.003898,0.030338,0.001525,0.000185,0.005886,0.024730,0.000000,0.000000,0.001079,0.000478,0.000000,0.000000,0.002650,0.006209,0.002496,0.000000,0.005300,0.014037,0.001109,0.000000,0.000832,0.007303,0.002188,0.000000,0.000401,0.017873,0.000108,0.000000,0.000000,0.000000,0.000000,0.000000,0.000000,0.000000,0.000000,0.000000,0.000000,0.000000,0.000000,0.000000,0.000000,0.000000,0.000000
7,5,0.000000,0.000000,0.020755,0.192925,0.000000,0.000000,0.053302,0.140252,0.000000,0.000472,0.060692,0.175000,0.000000,0.000000,0.036478,0.033648,0.000000,0.000000,0.000000,0.000943,0.000000,0.000000,0.000000,0.000000,0.000000,0.000000,0.000000,0.000000,0.000000,0.000000,0.000000,0.000000,0.000000,0.000000,0.027987,0.030660,0.000000,0.000000,0.034591,0.029717,0.000000,0.000157,0.027358,0.076258,0.000000,0.000000,0.003302,0.055503,0.000000,0.000000,0.000000,0.000000,0.000000,0.000000,0.000000,0.000000,0.000000,0.000000,0.000000,0.000000,0.000000,0.000000,0.000000,0.000000
8,5,0.000008,0.000008,0.000895,0.042693,0.001574,0.000256,0.002253,0.005617,0.002109,0.003284,0.001191,0.000991,0.004690,0.004690,0.003476,0.000000,0.000000,0.000000,0.000000,0.000088,0.000000,0.000000,0.000000,0.000000,0.000000,0.000000,0.000000,0.000000,0.000000,0.000000,0.000000,0.000000,0.000048,0.000679,0.009333,0.027895,0.001047,0.002669,0.024706,0.022309,0.004714,0.037403,0.116452,0.050140,0.009908,0.068342,0.369533,0.180999,0.000000,0.000000,0.000000,0.000000,0.000000,0.000000,0.000000,0.000000,0.000000,0.000000,0.000000,0.000000,0.000000,0.000000,0.000000,0.000000
9,5,0.000194,0.012488,0.381927,0.476080,0.000704,0.013010,0.015571,0.001165,0.003168,0.003617,0.000073,0.000000,0.000971,0.001262,0.000000,0.000000,0.000097,0.003920,0.062659,0.007112,0.000583,0.001748,0.000036,0.000000,0.000388,0.000012,0.000000,0.000000,0.000049,0.000000,0.000000,0.000000,0.000133,0.000874,0.010777,0.001214,0.000024,0.000146,0.000000,0.000000,0.000000,0.000000,0.000000,0.000000,0.000000,0.000000,0.000000,0.000000,0.000000,0.000000,0.000000,0.000000,0.000000,0.000000,0.000000,0.000000,0.000000,0.000000,0.000000,0.000000,0.000000,0.000000,0.000000,0.000000
10,5,0.145699,0.017013,0.013333,0.222505,0.019100,0.011361,0.014480,0.019142,0.005940,0.050288,0.010082,0.004464,0.023547,0.014892,0.011963,0.000305,0.013993,0.003375,0.001634,0.002500,0.003201,0.000305,0.000305,0.000000,0.004678,0.000017,0.000000,0.000000,0.014001,0.000099,0.000000,0.000000,0.038935,0.016295,0.016848,0.019241,0.008820,0.051031,0.028316,0.002624,0.006444,0.091269,0.011518,0.000033,0.007772,0.034298,0.038333,0.000000,0.000000,0.000000,0.000000,0.000000,0.000000,0.000000,0.000000,0.000000,0.000000,0.000000,0.000000,0.000000,0.000000,0.000000,0.000000,0.000000
11,5,0.000000,0.000876,0.076285,0.208514,0.000000,0.000895,0.012400,0.018609,0.000000,0.000954,0.057229,0.036653,0.000000,0.001479,0.038269,0.011115,0.000000,0.000000,0.002531,0.000837,0.000000,0.000000,0.000000,0.000000,0.000000,0.000000,0.000000,0.000000,0.000000,0.000000,0.000000,0.000000,0.000000,0.000467,0.028283,0.035992,0.000000,0.000058,0.017733,0.021568,0.000000,0.001674,0.029938,0.005022,0.000000,0.002647,0.100851,0.289121,0.000000,0.000000,0.000000,0.000000,0.000000,0.000000,0.000000,0.000000,0.000000,0.000000,0.000000,0.000000,0.000000,0.000000,0.000000,0.000000
12,5,0.001374,0.007204,0.023694,0.152277,0.004799,0.254235,0.080648,0.022545,0.005572,0.092242,0.084942,0.042503,0.015943,0.046357,0.030522,0.120682,0.000880,0.003049,0.003146,0.002587,0.001009,0.000762,0.000000,0.000000,0.000913,0.000161,0.000000,0.000000,0.000344,0.000000,0.000000,0.000000,0.000097,0.001009,0.000172,0.000322,0.000011,0.000000,0.000000,0.000000,0.000000,0.000000,0.000000,0.000000,0.000000,0.000000,0.000000,0.000000,0.000000,0.000000,0.000000,0.000000,0.000000,0.000000,0.000000,0.000000,0.000000,0.000000,0.000000,0.000000,0.000000,0.000000,0.000000,0.000000
13,5,0.000000,0.002421,0.025683,0.107240,0.000000,0.000798,0.004703,0.013730,0.000000,0.000252,0.002393,0.008342,0.000014,0.000098,0.007180,0.000434,0.000014,0.004451,0.035103,0.037160,0.000224,0.009476,0.017370,0.013646,0.000294,0.005375,0.021764,0.008482,0.001106,0.003821,0.007908,0.000000,0.000014,0.006802,0.032822,0.047350,0.000392,0.004353,0.020323,0.016726,0.000924,0.000420,0.022912,0.041793,0.002113,0.001764,0.073145,0.388666,0.000000,0.000000,0.000000,0.000000,0.000000,0.000000,0.000000,0.000000,0.000000,0.000000,0.000000,0.000000,0.000000,0.000000,0.000000,0.000000
14,5,0.000865,0.026405,0.069888,0.070080,0.001835,0.016904,0.035774,0.016275,0.002185,0.010978,0.028424,0.008146,0.004160,0.007368,0.005052,0.000070,0.000594,0.096869,0.055912,0.049593,0.001652,0.017717,0.053360,0.014002,0.001897,0.020688,0.091992,0.006450,0.001355,0.010733,0.177997,0.000026,0.000988,0.019272,0.041368,0.027401,0.000288,0.002954,0.002351,0.000026,0.000044,0.000035,0.000000,0.000000,0.000026,0.000000,0.000000,0.000000,0.000000,0.000000,0.000000,0.000000,0.000000,0.000000,0.000000,0.000000,0.000000,0.000000,0.000000,0.000000,0.000000,0.000000,0.000000,0.000000
15,5,0.000000,0.000000,0.006212,0.229575,0.000000,0.000000,0.014494,0.128289,0.000000,0.000000,0.015098,0.045725,0.000000,0.000000,0.114313,0.433871,0.000000,0.000000,0.000086,0.007678,0.000000,0.000000,0.000000,0.000000,0.000000,0.000000,0.000000,0.000000,0.000000,0.000000,0.000000,0.000000,0.000000,0.000000,0.000000,0.004659,0.000000,0.000000,0.000000,0.000000,0.000000,0.000000,0.000000,0.000000,0.000000,0.000000,0.000000,0.000000,0.000000,0.000000,0.000000,0.000000,0.000000,0.000000,0.000000,0.000000,0.000000,0.000000,0.000000,0.000000,0.000000,0.000000,0.000000,0.000000
16,5,0.000000,0.000579,0.111203,0.314023,0.000000,0.000780,0.023439,0.093580,0.000000,0.003802,0.022180,0.036354,0.000000,0.001410,0.156067,0.152719,0.000000,0.000000,0.039476,0.000453,0.000000,0.000000,0.020670,0.000000,0.000000,0.000000,0.000000,0.000000,0.000000,0.000000,0.000000,0.000000,0.000000,0.000000,0.002392,0.009164,0.000000,0.000025,0.002820,0.005589,0.000000,0.000629,0.002291,0.000025,0.000000,0.000201,0.000101,0.000025,0.000000,0.000000,0.000000,0.000000,0.000000,0.000000,0.000000,0.000000,0.000000,0.000000,0.000000,0.000000,0.000000,0.000000,0.000000,0.000000
17,5,0.000000,0.000392,0.004560,0.106934,0.000000,0.000045,0.017320,0.230560,0.000000,0.000000,0.033139,0.110418,0.000000,0.000571,0.034517,0.012122,0.000000,0.000000,0.000000,0.000000,0.000000,0.000000,0.000000,0.000000,0.000000,0.000000,0.000000,0.000000,0.000000,0.000000,0.000000,0.000000,0.000000,0.000078,0.005221,0.014979,0.000000,0.000056,0.012279,0.030226,0.000000,0.000896,0.015259,0.034853,0.000000,0.001602,0.028277,0.305699,0.000000,0.000000,0.000000,0.000000,0.000000,0.000000,0.000000,0.000000,0.000000,0.000000,0.000000,0.000000,0.000000,0.000000,0.000000,0.000000
18,5,0.000256,0.004467,0.007207,0.074611,0.000243,0.005898,0.002821,0.017883,0.000000,0.003995,0.007896,0.068227,0.000000,0.000445,0.000162,0.064772,0.000513,0.023998,0.020610,0.035051,0.004333,0.230581,0.005291,0.002659,0.001066,0.305584,0.014847,0.013834,0.000297,0.056228,0.000054,0.000000,0.000189,0.001134,0.000405,0.003199,0.000027,0.002564,0.006290,0.002146,0.000000,0.002240,0.002038,0.003293,0.000310,0.001161,0.001174,0.000000,0.000000,0.000000,0.000000,0.000000,0.000000,0.000000,0.000000,0.000000,0.000000,0.000000,0.000000,0.000000,0.000000,0.000000,0.000000,0.000000
19,5,0.000000,0.000000,0.000000,0.019394,0.000000,0.000000,0.000416,0.004644,0.000000,0.000000,0.000069,0.002967,0.000000,0.000000,0.001511,0.006724,0.000000,0.000513,0.012643,0.051778,0.000000,0.002897,0.029168,0.026478,0.000000,0.002897,0.062092,0.383988,0.000000,0.002412,0.018438,0.120261,0.000000,0.002911,0.000970,0.057476,0.000000,0.000139,0.012269,0.008803,0.000000,0.001747,0.028350,0.028655,0.000014,0.000762,0.030748,0.077868,0.000000,0.000000,0.000000,0.000000,0.000000,0.000000,0.000000,0.000000,0.000000,0.000000,0.000000,0.000000,0.000000,0.000000,0.000000,0.000000
20,5,0.000092,0.003052,0.030249,0.124444,0.000244,0.001658,0.008852,0.248431,0.000142,0.001089,0.010561,0.166933,0.000427,0.000529,0.013044,0.327914,0.000326,0.002767,0.009299,0.003042,0.000549,0.002442,0.001709,0.000000,0.000478,0.001638,0.000122,0.000000,0.001353,0.000193,0.000000,0.000000,0.000041,0.003999,0.018334,0.009340,0.000397,0.002513,0.000997,0.000081,0.000234,0.001068,0.000142,0.000000,0.000468,0.000804,0.000000,0.000000,0.000000,0.000000,0.000000,0.000000,0.000000,0.000000,0.000000,0.000000,0.000000,0.000000,0.000000,0.000000,0.000000,0.000000,0.000000,0.000000
21,5,0.000000,0.000000,0.000000,0.059204,0.000000,0.000000,0.000930,0.020108,0.000000,0.000000,0.002015,0.015501,0.000000,0.000000,0.000129,0.013201,0.000000,0.000000,0.000000,0.000000,0.000000,0.000000,0.000000,0.000000,0.000000,0.000000,0.000000,0.000000,0.000000,0.000000,0.000000,0.000000,0.000000,0.000000,0.001059,0.022304,0.000000,0.000000,0.008861,0.065740,0.000000,0.000000,0.006708,0.574085,0.000000,0.000000,0.000224,0.209931,0.000000,0.000000,0.000000,0.000000,0.000000,0.000000,0.000000,0.000000,0.000000,0.000000,0.000000,0.000000,0.000000,0.000000,0.000000,0.000000
22,5,0.004222,0.008979,0.101188,0.708155,0.003527,0.011638,0.009032,0.006614,0.002793,0.002392,0.000494,0.000000,0.020123,0.000334,0.000000,0.000000,0.002753,0.003995,0.012440,0.012199,0.003755,0.003180,0.001684,0.000909,0.002806,0.001296,0.000000,0.000000,0.019869,0.001937,0.000000,0.000000,0.003127,0.002485,0.009554,0.028059,0.001430,0.000628,0.000000,0.000000,0.001764,0.000000,0.000000,0.000000,0.006641,0.000000,0.000000,0.000000,0.000000,0.000000,0.000000,0.000000,0.000000,0.000000,0.000000,0.000000,0.000000,0.000000,0.000000,0.000000,0.000000,0.000000,0.000000,0.000000
23,5,0.000000,0.003233,0.086214,0.171245,0.000000,0.025811,0.345019,0.036189,0.000000,0.019623,0.022025,0.001698,0.000176,0.012553,0.014981,0.003069,0.000000,0.000000,0.000692,0.001157,0.000000,0.000000,0.000000,0.000000,0.000000,0.000000,0.000000,0.000000,0.000000,0.000000,0.000000,0.000000,0.000000,0.000264,0.008088,0.013044,0.000000,0.001459,0.004981,0.002742,0.000000,0.000604,0.002176,0.000050,0.000553,0.017057,0.046956,0.158340,0.000000,0.000000,0.000000,0.000000,0.000000,0.000000,0.000000,0.000000,0.000000,0.000000,0.000000,0.000000,0.000000,0.000000,0.000000,0.000000
24,5,0.000218,0.000481,0.002535,0.028470,0.000284,0.000503,0.000284,0.149559,0.000022,0.000983,0.001092,0.320945,0.000000,0.001049,0.002644,0.467554,0.000044,0.000459,0.001420,0.002119,0.000350,0.002469,0.002950,0.000590,0.000808,0.003693,0.002119,0.000000,0.000481,0.004435,0.001158,0.000000,0.000000,0.000044,0.000066,0.000131,0.000000,0.000044,0.000000,0.000000,0.000000,0.000000,0.000000,0.000000,0.000000,0.000000,0.000000,0.000000,0.000000,0.000000,0.000000,0.000000,0.000000,0.000000,0.000000,0.000000,0.000000,0.000000,0.000000,0.000000,0.000000,0.000000,0.000000,0.000000
25,5,0.000118,0.000522,0.010550,0.152096,0.000131,0.008643,0.035409,0.021452,0.000235,0.007599,0.047343,0.017104,0.000992,0.013292,0.093302,0.368638,0.000183,0.000209,0.001018,0.002925,0.000561,0.000313,0.002833,0.004074,0.000157,0.002768,0.014062,0.018175,0.000470,0.000666,0.004269,0.000013,0.000104,0.000548,0.004413,0.002677,0.001058,0.008800,0.046090,0.000744,0.000796,0.040854,0.045985,0.000000,0.001802,0.014153,0.001854,0.000000,0.000000,0.000000,0.000000,0.000000,0.000000,0.000000,0.000000,0.000000,0.000000,0.000000,0.000000,0.000000,0.000000,0.000000,0.000000,0.000000
26,5,0.001884,0.060192,0.256081,0.418557,0.006142,0.046720,0.038203,0.019736,0.007698,0.020514,0.000246,0.000000,0.005733,0.001965,0.000000,0.000000,0.002457,0.017116,0.022316,0.016502,0.000778,0.000369,0.000123,0.000000,0.000041,0.000000,0.000000,0.000000,0.000000,0.000000,0.000000,0.000000,0.000901,0.008599,0.022398,0.024732,0.000000,0.000000,0.000000,0.000000,0.000000,0.000000,0.000000,0.000000,0.000000,0.000000,0.000000,0.000000,0.000000,0.000000,0.000000,0.000000,0.000000,0.000000,0.000000,0.000000,0.000000,0.000000,0.000000,0.000000,0.000000,0.000000,0.000000,0.000000
27,5,0.001089,0.004429,0.033800,0.170636,0.000327,0.004574,0.074499,0.145404,0.001017,0.003231,0.127215,0.081760,0.018480,0.020258,0.061284,0.015394,0.000036,0.001307,0.001452,0.004538,0.000399,0.000290,0.000000,0.000000,0.001307,0.000000,0.000000,0.000000,0.004901,0.000000,0.000000,0.000000,0.000036,0.000508,0.013252,0.044220,0.000000,0.000290,0.038157,0.034599,0.000399,0.003522,0.051046,0.019895,0.002396,0.005845,0.007080,0.001125,0.000000,0.000000,0.000000,0.000000,0.000000,0.000000,0.000000,0.000000,0.000000,0.000000,0.000000,0.000000,0.000000,0.000000,0.000000,0.000000
28,5,0.000000,0.000000,0.000000,0.217890,0.000000,0.000000,0.004662,0.118321,0.000000,0.000000,0.004390,0.088615,0.000000,0.000000,0.000000,0.563989,0.000000,0.000000,0.000000,0.000000,0.000000,0.000000,0.000000,0.000000,0.000000,0.000000,0.000000,0.000000,0.000000,0.000000,0.000000,0.000000,0.000000,0.000000,0.000000,0.001923,0.000000,0.000000,0.000000,0.000209,0.000000,0.000000,0.000000,0.000000,0.000000,0.000000,0.000000,0.000000,0.000000,0.000000,0.000000,0.000000,0.000000,0.000000,0.000000,0.000000,0.000000,0.000000,0.000000,0.000000,0.000000,0.000000,0.000000,0.000000
29,5,0.000000,0.000000,0.000000,0.913716,0.000000,0.000000,0.000000,0.000000,0.000000,0.000000,0.000000,0.000000,0.000000,0.000000,0.000000,0.000000,0.000000,0.000000,0.000000,0.000998,0.000000,0.000000,0.000000,0.000000,0.000000,0.000000,0.000000,0.000000,0.000000,0.000000,0.000000,0.000000,0.000000,0.000000,0.000000,0.085287,0.000000,0.000000,0.000000,0.000000,0.000000,0.000000,0.000000,0.000000,0.000000,0.000000,0.000000,0.000000,0.000000,0.000000,0.000000,0.000000,0.000000,0.000000,0.000000,0.000000,0.000000,0.000000,0.000000,0.000000,0.000000,0.000000,0.000000,0.000000
30,5,0.000618,0.003378,0.090927,0.363231,0.000555,0.003063,0.005042,0.013854,0.000000,0.000025,0.004311,0.041474,0.000000,0.000504,0.009971,0.077187,0.000315,0.005105,0.117488,0.034137,0.000756,0.002925,0.006442,0.000454,0.000025,0.000013,0.000000,0.000000,0.000000,0.000000,0.000000,0.000000,0.000000,0.000996,0.109257,0.063661,0.000000,0.000466,0.002622,0.010690,0.000000,0.000000,0.002988,0.016451,0.000000,0.000328,0.002748,0.007992,0.000000,0.000000,0.000000,0.000000,0.000000,0.000000,0.000000,0.000000,0.000000,0.000000,0.000000,0.000000,0.000000,0.000000,0.000000,0.000000
31,5,0.000000,0.000000,0.000340,0.082522,0.000000,0.000000,0.004120,0.021405,0.000000,0.001033,0.011281,0.010033,0.000000,0.000772,0.022143,0.010918,0.000000,0.000000,0.000000,0.000000,0.000000,0.000000,0.000000,0.000000,0.000000,0.000000,0.000000,0.000000,0.000000,0.000000,0.000000,0.000000,0.000000,0.000000,0.004154,0.033526,0.000000,0.000579,0.019737,0.027806,0.000000,0.002043,0.070821,0.066054,0.000000,0.002894,0.459505,0.148315,0.000000,0.000000,0.000000,0.000000,0.000000,0.000000,0.000000,0.000000,0.000000,0.000000,0.000000,0.000000,0.000000,0.000000,0.000000,0.000000
32,5,0.000000,0.000000,0.020478,0.499096,0.000000,0.003236,0.148564,0.196255,0.000013,0.004939,0.064750,0.031130,0.000157,0.012250,0.017386,0.001323,0.000000,0.000000,0.000000,0.000000,0.000000,0.000000,0.000000,0.000000,0.000000,0.000000,0.000000,0.000000,0.000000,0.000000,0.000000,0.000000,0.000000,0.000000,0.000092,0.000328,0.000000,0.000000,0.000000,0.000000,0.000000,0.000000,0.000000,0.000000,0.000000,0.000000,0.000000,0.000000,0.000000,0.000000,0.000000,0.000000,0.000000,0.000000,0.000000,0.000000,0.000000,0.000000,0.000000,0.000000,0.000000,0.000000,0.000000,0.000000
