1,1,0.0440798,0.00036322,1.08424E-005,0,0.000124688,0.000189742,0,0,0,0,0,0,0,0,0,0,0.00115472,9.21604E-005,1.08424E-005,0,0.00254254,0.022498,0.00031443,5.4212E-006,0,0.000027106,0.000124688,0,0,0,0,0,0,0,0,0,0,0,0,0,0,0,0,0,0,0,0,0,0.928462,0,0,0,0,0,0,0,0,0,0,0,0,0,0,0
1,2,0.0441803,0.000288547,0,0,0.000250437,0.00026677,5.44428E-006,0,0,0,0,0,0,0,0,0,0.000963638,7.07756E-005,0,0,0.00292902,0.021592,0.000217771,5.44428E-006,0,7.07756E-005,0.000108886,0,0,0,0,0,0,0,0,0,0,0,0,0,0,0,0,0,0,0,0,0,0.92905,0,0,0,0,0,0,0,0,0,0,0,0,0,0,0
1,3,0.0431561,0.000386538,5.44419E-006,0,0.000310319,0.00033754,5.44419E-006,0,0,0,0,0,0,0,0,0,0.00109428,9.25513E-005,5.44419E-006,0,0.00252066,0.0223212,0.000255877,0,1.08884E-005,0.000027221,0.00016877,0,0,0,0,0,5.44419E-006,0,0,0,0,0,0,0,0,0,0,0,0,0,0,0,0.929296,0,0,0,0,0,0,0,0,0,0,0,0,0,0,0
1,4,0.0435503,0.000255188,5.42953E-006,0,0.00022804,0.00022804,0,0,0,0,0,0,0,0,0,0,0.00103161,0.000162886,0,0,0.00444136,0.020263,0.000255188,0,5.42953E-006,4.34362E-005,0.000135738,5.42953E-006,0,0,0,0,1.08591E-005,0,0,0,0,0,0,0,0,0,0,0,0,0,0,0,0.929378,0,0,0,0,0,0,0,0,0,0,0,0,0,0,0
1,5,0.0440407,0.000422686,1.08381E-005,0,0.000211343,0.000249277,0,0,0,0,0,0,0,0,0,0,0.0010513,9.21239E-005,5.41906E-006,0,0.00219472,0.0235837,0.000260115,5.41906E-006,0,1.62572E-005,0.000195086,0,0,0,0,0,0,0,0,0,0,0,0,0,0,0,0,0,0,0,0,0,0.927661,0,0,0,0,0,0,0,0,0,0,0,0,0,0,0
2,1,0.0440561,0.000352579,1.08486E-005,0,7.05157E-005,0.000173577,0,0,0,0,0,0,0,0,0,0,0.000537004,4.88186E-005,5.42429E-006,0,0.00226193,0.0220118,0.000298336,5.42429E-006,0,1.08486E-005,0.000119334,0,0,0,0,0,0,0,0,0,0,0,0,0,0,0,0,0,0,0,0,0,0.930038,0,0,0,0,0,0,0,0,0,0,0,0,0,0,0
2,2,0.0443691,0.000348292,5.44206E-006,0,0.000179588,0.000206798,0,0,0,0,0,0,0,0,0,0,0.000424481,4.35365E-005,0,0,0.00252512,0.0214689,0.000250335,5.44206E-006,0,1.63262E-005,0.000152378,0,0,0,0,0,0,0,0,0,0,0,0,0,0,0,0,0,0,0,0,0,0.930004,0,0,0,0,0,0,0,0,0,0,0,0,0,0,0
2,3,0.0440151,0.000347817,1.08693E-005,0,0.000342382,0.000461944,1.08693E-005,0,0,0,0,0,0,0,0,0,0.000326078,2.17385E-005,0,0,0.00243472,0.0222114,0.000233689,0,1.08693E-005,3.26078E-005,0.000298905,5.43463E-006,0,0,0,0,0,0,0,0,0,0,0,0,0,0,0,0,0,0,0,0,0.929236,0,0,0,0,0,0,0,0,0,0,0,0,0,0,0
2,4,0.0441888,0.000411511,1.08292E-005,0,0.000265317,0.000346536,0,0,0,0,0,0,0,0,0,0,0.000395268,1.08292E-005,5.41462E-006,0,0.00215502,0.0230609,0.000227414,5.41462E-006,1.08292E-005,0.000043317,0.000351951,0,0,0,0,0,0,0,0,0,0,0,0,0,0,0,0,0,0,0,0,0,0.928511,0,0,0,0,0,0,0,0,0,0,0,0,0,0,0
2,5,0.0495987,0.000385244,0.000005426,0,0.00028215,0.000184483,0,0,0,0.000005426,0,0,0,0,0,0,0.000466633,4.34077E-005,0,0,0.00900168,0.0173414,0.000775913,0,0.000005426,2.71298E-005,0.00028215,0,0,0,0,0,0,0,0,0,0,0,0,0,0,0,0,0,0,0,0,0,0.921595,0,0,0,0,0,0,0,0,0,0,0,0,0,0,0
3,1,0.0498232,0.000446113,4.35232E-005,0,0.000201295,0.000250258,1.08808E-005,0,0,0,0,0,0,0,0,0,0.00095207,0.000108808,0,0,0.00437408,0.0231163,0.000310103,1.08808E-005,5.4404E-006,3.26424E-005,0.000146891,5.4404E-006,0,0,0,0,0,0,0,0,0,0,0,0,0,0,0,0,0,0,0,0,0.920162,0,0,0,0,0,0,0,0,0,0,0,0,0,0,0
3,2,0.0513786,0.000497981,3.78899E-005,1.08257E-005,0.000254403,0.000303119,0,0,0,0,0,0,0,0,0,0,0.000703669,4.33027E-005,5.41284E-006,0,0.00372403,0.0240222,0.000297706,1.08257E-005,1.08257E-005,5.95412E-005,0.000184036,0,0,0,0,0,0,0,0,0,0,0,0,0,0,0,0,0,0,0,0,0,0.918456,0,0,0,0,0,0,0,0,0,0,0,0,0,0,0
3,3,0.0498854,0.000482063,1.62493E-005,0,0.000259989,0.000184159,1.08329E-005,0,0,0,0,0,0,0,0,0,0.00107246,0.000097496,0,0,0.00421399,0.0238919,0.000303321,1.08329E-005,0,0.000048748,0.000162493,0,0,0,0,0,0,0,0,0,0,0,0,0,0,0,0,0,0,0,0,0,0.91936,0,0,0,0,0,0,0,0,0,0,0,0,0,0,0
3,4,0.0488099,0.000467549,2.17465E-005,0,0.000228338,0.000250084,0,5.43661E-006,0,0,0,0,0,0,0,0,0.00156031,0.000119606,0,0,0.00546923,0.0221868,0.000244648,1.63098E-005,0,5.43661E-006,0.000146789,0,0,0,0,0,0,0,0,0,0,0,0,0,0,0,0,0,0,0,0,0,0.920468,0,0,0,0,0,0,0,0,0,0,0,0,0,0,0
3,5,0.051001,0.00050049,2.72005E-005,1.08802E-005,0.000386247,0.000293766,1.08802E-005,0,0,0,0,0,0,0,0,0,0.000897617,0.000136003,0,0,0.00455337,0.0224676,0.000282885,1.63203E-005,0,2.72005E-005,0.000168643,5.4401E-006,0,0,0,0,0,0,0,0,0,0,0,0,0,0,0,0,0,0,0,0,0.919214,0,0,0,0,0,0,0,0,0,0,0,0,0,0,0
4,1,0.044081,0.000358118,1.62781E-005,0,8.68164E-005,0.000222467,0,0,0,0,0,0,0,0,0,0,0.00141619,3.25561E-005,0,0,0.00244714,0.0230172,0.000276727,0,0,2.71301E-005,0.000135651,0,0,0,0,0,0,0,0,0,0,0,0,0,0,0,0,0,0,0,0,0,0.927883,0,0,0,0,0,0,0,0,0,0,0,0,0,0,0
4,2,0.0515093,0.000420748,2.15768E-005,0,0.000124067,0.000199586,0,0,0,0,0,0,0,0,0,0,0.00117054,4.31537E-005,5.39421E-006,0,0.00262159,0.0224669,0.00026971,5.39421E-006,0,4.31537E-005,0.000107884,0,0,0,0,0,0,0,0,0,0,0,0,0,0,0,0,0,0,0,0,0,0.920991,0,0,0,0,0,0,0,0,0,0,0,0,0,0,0
4,3,0.0441112,0.000498983,1.08475E-005,0,0.000184407,0.000314576,0,0,0,0,0,0,0,0,0,0,0.00120407,1.62712E-005,0,0,0.0027661,0.0232895,0.000298305,5.42373E-006,0,5.42373E-006,0.000157288,0,0,0,0,0,0,0,0,0,0,0,0,0,0,0,0,0,0,0,0,0,0.927138,0,0,0,0,0,0,0,0,0,0,0,0,0,0,0
4,4,0.044163,0.000386487,1.63304E-005,0,0.000223183,0.000310278,0,0,0,0,0,0,0,0,0,0,0.00139897,2.72174E-005,0,0,0.00284694,0.0223945,0.000321165,5.44348E-006,5.44348E-006,3.81044E-005,9.79826E-005,0,0,0,0,0,0,0,0,0,0,0,0,0,0,0,0,0,0,0,0,0,0.927765,0,0,0,0,0,0,0,0,0,0,0,0,0,0,0
4,5,0.0446134,0.000391632,0,0,0.000217573,0.000239331,0,0,0,0,0,0,0,0,0,0,0.00128368,3.80753E-005,0,0,0.00270335,0.0219423,0.000195816,5.43934E-006,0,2.17573E-005,0.000146862,0,0,0,0,0,0,0,0,0,0,0,0,0,0,0,0,0,0,0,0,0,0.928201,0,0,0,0,0,0,0,0,0,0,0,0,0,0,0
5,1,0.0439598,0.000357441,5.41577E-006,0,0.000449509,0.000297867,1.08315E-005,0,0.000411598,0,0,0,0,0,0,0,0.000341193,2.16631E-005,0,0,0.00307074,0.0227137,0.000276204,5.41577E-006,0.00125646,5.95735E-005,0.000173305,5.41577E-006,2.70788E-005,1.62473E-005,0,0,0,0,0,0,0,0,0,0,0,0,0,0,0,0,0,0,0.926541,0,0,0,0,0,0,0,0,0,0,0,0,0,0,0
5,2,0.0436124,0.000336147,5.42173E-006,0,0.000444582,0.000173495,5.42173E-006,0,0.000330725,0,0,0,1.08435E-005,0,0,0,0.000515064,3.25304E-005,0,0,0.00322051,0.0219146,0.000276508,5.42173E-006,0.00126326,8.13259E-005,0.0001247,0,2.16869E-005,0,0,0,0,0,0,0,0,0,0,0,0,0,0,0,0,0,0,0,0.927625,0,0,0,0,0,0,0,0,0,0,0,0,0,0,0
5,3,0.0440221,0.000413302,1.08764E-005,0,0.000451369,0.000304538,0,0,0.000435055,5.43818E-006,0,0,1.63145E-005,0,0,0,0.000348044,2.17527E-005,5.43818E-006,0,0.00282785,0.0224706,0.000201213,0,0.00140305,0.00005982,0.000130516,5.43818E-006,2.17527E-005,1.08764E-005,0,0,0,0,0,0,0,0,0,0,0,0,0,0,0,0,0,0,0.926835,0,0,0,0,0,0,0,0,0,0,0,0,0,0,0
5,4,0.042878,0.000385897,0,0,0.0004946,0.000277193,0,0,0.000467424,1.08703E-005,5.43517E-006,0,0,0,0,0,0.000347851,2.17407E-005,5.43517E-006,0,0.00316327,0.0215994,0.000233712,0,0.00126639,7.60923E-005,0.000184796,5.43517E-006,0.000032611,0,0,0,0,0,0,0,0,0,0,0,0,0,0,0,0,0,0,0,0.928544,0,0,0,0,0,0,0,0,0,0,0,0,0,0,0
5,5,0.0470392,0.000407525,2.17346E-005,0,0.0143068,0.00197242,5.43366E-006,0,0.00032602,5.43366E-006,0,0,5.43366E-006,0,0,0,0.000190178,0,0,0,0.00476532,0.00396657,0.000304285,0,0.000777013,0.000114107,0.000597703,0,5.43366E-006,1.08673E-005,0,0,0,0,0,0,0,0,0,0,0,0,0,0,0,0,0,0,0.925178,0,0,0,0,0,0,0,0,0,0,0,0,0,0,0
6,1,0.0439168,0.000353422,5.43726E-006,0,0.000228365,0.000309924,7.61217E-005,0,0,0,0,0,0,0,0,0,0.000347985,2.17491E-005,0,0,0.00281107,0.0217327,0.000342548,1.63118E-005,0,4.34981E-005,0.000217491,1.63118E-005,0,0,0,0,0,0,0,0,0,0,0,0,0,0,0,0,0,0,0,0,0.92956,0,0,0,0,0,0,0,0,0,0,0,0,0,0,0
6,2,0.0433649,0.000456358,4.88955E-005,0,0.000239045,0.000374866,0.000369433,0,0,0,0,0,0,0,0,0,0.000380298,5.43283E-005,5.43283E-006,0,0.00229809,0.0227527,0.000787761,1.08657E-005,1.62985E-005,4.34627E-005,0.000255343,5.43283E-006,0,0,0,0,0,0,0,0,0,0,0,0,0,0,0,0,0,0,0,0,0.928537,0,0,0,0,0,0,0,0,0,0,0,0,0,0,0
6,3,0.0438511,0.000412257,5.42443E-006,0,0.000173582,0.000162733,0,0,0,0,0,0,0,0,0,0,0.000531595,6.50932E-005,0,0,0.00225656,0.0224517,0.000320042,5.42443E-006,0,2.16977E-005,0.000141035,0,0,0,0,0,0,0,0,0,0,0,0,0,0,0,0,0,0,0,0,0,0.929602,0,0,0,0,0,0,0,0,0,0,0,0,0,0,0
6,4,0.0433712,0.000294079,5.44591E-006,0,0.000288633,0.000250512,0.000234174,0,0,0,0,0,0,0,0,0,0.000408443,3.26755E-005,0,0,0.00250512,0.0213698,0.00050647,5.44591E-006,5.44591E-006,2.72296E-005,0.000185161,1.08918E-005,0,0,0,0,0,0,0,0,0,0,0,0,0,0,0,0,0,0,0,0,0.930499,0,0,0,0,0,0,0,0,0,0,0,0,0,0,0
6,5,0.0437327,0.000299427,1.08883E-005,0,0.000228654,0.000402866,0.000299427,0,0,0,0,0,0,0,0,0,0.000413754,0.00015788,5.44413E-006,0,0.00255874,0.0223264,0.00119771,0,0,2.17765E-005,0.000195989,5.44413E-006,0,0,0,0,0,0,0,0,0,0,0,0,0,0,0,0,0,0,0,0,0.928143,0,0,0,0,0,0,0,0,0,0,0,0,0,0,0
7,1,0.0437407,0.000379223,5.41747E-006,0,0.000260039,0.000232951,0,0,0,0,0,0,0,0,0,0,0.000417145,3.25048E-005,0,0,0.00213448,0.0228021,0.000222116,5.41747E-006,0,2.16699E-005,0.000184194,0,0,0,0,0,0,0,0,0,0,0,0,0,0,0,0,0,0,0,0,0,0.929562,0,0,0,0,0,0,0,0,0,0,0,0,0,0,0
7,2,0.0444798,0.00025961,5.40853E-006,0,0.000178482,0.000237975,0,0,0,0,0,0,0,0,0,0,0.000432683,2.70427E-005,0,0,0.00230944,0.0222669,0.000265018,0,1.08171E-005,3.24512E-005,0.000151439,0,0,0,0,0,0,0,0,0,0,0,0,0,0,0,0,0,0,0,0,0,0.929343,0,0,0,0,0,0,0,0,0,0,0,0,0,0,0
7,3,0.0432752,0.000325827,5.43044E-006,0,0.000195496,0.000380131,5.43044E-006,0,0,0,0,0,0,0,0,0,0.000374701,3.25827E-005,0,0,0.00218304,0.0226612,0.000255231,5.43044E-006,1.62913E-005,0.000048874,0.000157483,1.08609E-005,0,0,0,0,0,0,0,0,0,0,0,0,0,0,0,0,0,0,0,0,0.930067,0,0,0,0,0,0,0,0,0,0,0,0,0,0,0
7,4,0.0432182,0.000342527,5.43694E-006,0,0.000288158,0.00026641,5.43694E-006,0,0,0,0,0,0,0,0,0,0.000331653,3.26216E-005,0,0,0.00239769,0.0214868,0.000282721,1.08739E-005,0,3.26216E-005,0.00014136,1.08739E-005,0,0,0,0,0,0,0,0,0,0,0,0,0,0,0,0,0,0,0,0,0.931147,0,0,0,0,0,0,0,0,0,0,0,0,0,0,0
7,5,0.0438569,0.000320718,1.08718E-005,0,0.000179385,0.000342462,5.43591E-006,0,0,0,0,0,0,0,0,0,0.000402257,4.89231E-005,5.43591E-006,0,0.00236462,0.0224775,0.000233744,0,1.08718E-005,3.80513E-005,0.000125026,0,0,0,0,0,0,0,0,0,0,0,0,0,0,0,0,0,0,0,0,0,0.929578,0,0,0,0,0,0,0,0,0,0,0,0,0,0,0
8,1,0.0442762,0.000326842,5.44736E-006,0,0.000152526,0.0003105,5.44736E-006,0,0,0,0,0,0,0,0,0,0.00291979,0.000680921,0,0,0.00234237,0.0226338,0.000250579,5.44736E-006,0,2.17895E-005,0.000130737,5.44736E-006,0,0,0,0,1.63421E-005,0,0,0,0,0,0,0,0,0,0,0,0,0,0,0,0.925916,0,0,0,0,0,0,0,0,0,0,0,0,0,0,0
8,2,0.0438794,0.000337074,5.43667E-006,0,0.00024465,0.000396877,0,0,0,0,0,0,0,0,0,0,0.00107102,0.000445807,0,0,0.00214749,0.0230461,0.000299017,5.43667E-006,0,1.08733E-005,0.000206594,0,0,0,0,0,0,0,0,0,0,0,0,0,0,0,0,0,0,0,0,0,0.927904,0,0,0,0,0,0,0,0,0,0,0,0,0,0,0
8,3,0.043083,0.000404023,0,0,0.000278448,0.00022931,5.45977E-006,0,0,0,0,0,0,0,0,0,0.00161063,0.000589655,0,0,0.00192184,0.0222868,0.000262069,5.45977E-006,5.45977E-006,2.72988E-005,0.000207471,1.09195E-005,0,0,0,0,5.45977E-006,0,0,0,0,0,0,0,0,0,0,0,0,0,0,0,0.929067,0,0,0,0,0,0,0,0,0,0,0,0,0,0,0
8,4,0.0529234,0.000527511,5.38277E-006,0,0.000247607,0.000274521,0,0,0,0,0,0,0,0,0,0,0.00103349,0.000339114,5.38277E-006,0,0.00186782,0.0231136,0.000263756,5.38277E-006,0,5.38277E-005,0.000172249,0,0,0,0,0,0,0,0,0,0,0,0,0,0,0,0,0,0,0,0,0,0.919167,0,0,0,0,0,0,0,0,0,0,0,0,0,0,0
8,5,0.0448348,0.000321924,1.09127E-005,0,0.000250992,0.000294642,5.45634E-006,0,0,0,0,0,0,0,0,0,0.00309375,0.00089484,5.45634E-006,0,0.00435962,0.0204285,0.000240079,5.45634E-006,0,2.72817E-005,0.000136409,0,0,0,0,0,5.45634E-006,0,0,0,0,0,0,0,0,0,0,0,0,0,0,0,0.925084,0,0,0,0,0,0,0,0,0,0,0,0,0,0,0
9,1,0.0437006,0.000329567,5.49279E-006,0,0.000373509,0.000313089,1.64784E-005,0,0,5.49279E-006,0,0,0,0,0,0,0.000329567,3.84495E-005,0,0,0.00413057,0.0200212,0.000274639,5.49279E-006,1.09856E-005,0.000164784,0.000258161,5.49279E-006,0,0,0,0,0,0,0,0,0,0,0,0,0,0,0,0,0,0,0,0,0.930016,0,0,0,0,0,0,0,0,0,0,0,0,0,0,0
9,2,0.04395,0.000307189,5.48552E-006,0,0.000296218,0.000323646,5.48552E-006,0,0,0,0,0,0,0,0,0,0.00036753,6.03408E-005,0,0,0.00267145,0.0226607,0.000274276,5.48552E-006,1.64566E-005,0.000137138,0.000279762,1.64566E-005,0,0,0,0,0,0,0,0,0,0,0,0,0,0,0,0,0,0,0,0,0.928622,0,0,0,0,0,0,0,0,0,0,0,0,0,0,0
9,3,0.0438617,0.000361272,5.47381E-006,0,0.000169688,0.000202531,0,0,0,0,0,0,0,0,0,0,0.000492643,4.37905E-005,0,0,0.00237016,0.02299,0.000246322,1.64214E-005,5.47381E-006,9.30548E-005,0.000169688,5.47381E-006,0,0,0,0,0,0,0,0,0,0,0,0,0,0,0,0,0,0,0,0,0.928966,0,0,0,0,0,0,0,0,0,0,0,0,0,0,0
9,4,0.0462817,0.000344366,5.46612E-006,0,0.000147585,0.000251442,0,0,0,0,0,0,0,0,0,0,0.000475553,4.91951E-005,0,0,0.00244336,0.0224166,0.000284238,1.09322E-005,1.09322E-005,7.10596E-005,0.000235043,1.09322E-005,0,0,0,0,0,0,0,0,0,0,0,0,0,0,0,0,0,0,0,0,0.926962,0,0,0,0,0,0,0,0,0,0,0,0,0,0,0
9,5,0.0503755,0.000364842,5.44541E-006,0,0.000217816,0.000283161,5.44541E-006,0,0,0,0,0,0,0,0,0,0.00047375,0.000027227,0,0,0.00216183,0.0225385,0.000326724,5.44541E-006,5.44541E-006,0.000125244,0.000217816,0,0,0,0,0,0,0,0,0,0,0,0,0,0,0,0,0,0,0,0,0,0.922866,0,0,0,0,0,0,0,0,0,0,0,0,0,0,0
10,1,0.0492807,0.000407593,1.08692E-005,1.08692E-005,0.000266294,0.000271729,0,0,0,0,0,0,0,0,0,0,0.00418462,0.00231513,0.000239121,0,0.00303249,0.0238034,0.000744537,1.08692E-005,0,2.71729E-005,0.000146734,5.43458E-006,0,0,0,0,5.43458E-006,0,0,0,0,0,0,0,0,0,0,0,0,0,0,0,0.915237,0,0,0,0,0,0,0,0,0,0,0,0,0,0,0
10,2,0.0520647,0.000385062,1.08468E-005,0,0.000352521,0.000319981,5.42341E-006,0,0,0,0,0,0,0,0,0,0.00417602,0.00208801,6.50809E-005,0,0.00327574,0.0227675,0.000591151,1.08468E-005,0,0.000027117,0.000211513,0,0,0,0,0,0,0,0,0,0,0,0,0,0,0,0,0,0,0,0,0,0.913649,0,0,0,0,0,0,0,0,0,0,0,0,0,0,0
10,3,0.0508289,0.000429556,2.17497E-005,0,0.000260996,0.000233809,0,0,0,0,0,0,0,0,0,0,0.00324614,0.00104398,5.43741E-006,0,0.00334401,0.0246424,0.000260996,2.71871E-005,0,1.08748E-005,0.000103311,0,0,0,0,0,5.43741E-006,0,0,0,0,0,0,0,0,0,0,0,0,0,0,0,0.915535,0,0,0,0,0,0,0,0,0,0,0,0,0,0,0
10,4,0.0494325,0.000434047,5.42558E-006,1.08512E-005,0.000244151,0.000255002,1.08512E-005,0,0,0,0,0,0,0,0,0,0.00441642,0.00103086,0,0,0.00316311,0.0234005,0.000265854,5.42558E-006,5.42558E-006,3.25535E-005,0.000179044,0,0,0,0,0,0,0,0,0,0,0,0,0,0,0,0,0,0,0,0,0,0.917108,0,0,0,0,0,0,0,0,0,0,0,0,0,0,0
10,5,0.0499566,0.000374512,2.17108E-005,5.4277E-006,0.000206253,0.000184542,0,0,0,0,0,0,0,0,0,0,0.00408163,0.00183456,2.71385E-005,0,0.00300152,0.0239904,0.000553626,0,0,4.88493E-005,0.000135693,0,0,0,0,0,2.17108E-005,0,0,0,0,0,0,0,0,0,0,0,0,0,0,0,0.915556,0,0,0,0,0,0,0,0,0,0,0,0,0,0,0
11,1,0.0436367,0.000261102,5.43963E-006,0,0.00029374,0.00029374,5.43963E-006,0,0,0,0,0,0,0,0,0,0.000424291,7.61548E-005,0,0,0.00537436,0.019376,0.000244783,0,5.43963E-006,2.71982E-005,0.000179508,0,0,0,0,0,0,0,0,0,0,0,0,0,0,0,0,0,0,0,0,0,0.929796,0,0,0,0,0,0,0,0,0,0,0,0,0,0,0
11,2,0.0437401,0.000386262,5.44031E-006,0,0.000272016,0.000223053,0,0,0,0,0,0,0,0,0,0,0.000473307,0.000103366,5.44031E-006,0,0.00468411,0.0187745,0.00016865,0,0,1.63209E-005,0.000146888,1.08806E-005,0,0,0,0,0,0,0,0,0,0,0,0,0,0,0,0,0,0,0,0,0.93099,0,0,0,0,0,0,0,0,0,0,0,0,0,0,0
11,3,0.0448166,0.00034666,5.41656E-006,0,0.000178746,0.000238329,0,0,0,0,0,0,0,0,0,0,0.000427908,0.000129997,5.41656E-006,0,0.00320119,0.0213412,0.000303327,0,0,2.70828E-005,0.000211246,0,0,0,0,0,5.41656E-006,0,0,0,0,0,0,0,0,0,0,0,0,0,0,0,0.928761,0,0,0,0,0,0,0,0,0,0,0,0,0,0,0
11,4,0.0429718,0.000244621,0.000005436,0,0.000304417,0.000353342,0,0,0,0,0,0,0,0,0,0,0.000385958,5.43602E-005,0,0,0.00345187,0.0208798,0.000222877,0,0,3.26161E-005,0.000190261,0,0,0,0,0,0,0,0,0,0,0,0,0,0,0,0,0,0,0,0,0,0.930903,0,0,0,0,0,0,0,0,0,0,0,0,0,0,0
11,5,0.0442127,0.00034118,5.41556E-006,0,0.000189545,0.000324934,5.41556E-006,0,0,0,0,0,0,0,0,0,0.000454907,7.58179E-005,5.41556E-006,0,0.00208499,0.0227454,0.000281609,0,0,2.16623E-005,0.000157051,0,0,0,0,0,0,0,0,0,0,0,0,0,0,0,0,0,0,0,0,0,0.929094,0,0,0,0,0,0,0,0,0,0,0,0,0,0,0
12,1,0.0437804,0.000342587,2.17515E-005,0,0.000516599,0.000228391,5.43789E-006,0,0,0,0,0,0,0,0,0,0.000587292,6.52546E-005,0,0,0.00723783,0.0252862,0.000326273,1.08758E-005,0.000315397,0.000516599,9.78819E-005,0,0,0,0,0,0,0,0,0,0,0,0,0,0,0,0,0,0,0,0,0,0.920661,0,0,0,0,0,0,0,0,0,0,0,0,0,0,0
12,2,0.0440916,0.000336909,3.26041E-005,0,0.000700988,0.000304305,0,0,0,0,0,0,0,0,0,0,0.000451023,4.34721E-005,0,0,0.00944432,0.0236977,0.000282569,0.000005434,0.000402117,0.000695554,0.000201059,0.000010868,0,0,0,0,0,0,0,0,0,0,0,0,0,0,0,0,0,0,0,0,0.919299,0,0,0,0,0,0,0,0,0,0,0,0,0,0,0
12,3,0.0436547,0.00038618,1.08783E-005,0,0.000723408,0.000304593,0,0,0,0,0,0,0,0,0,0,0.000603746,2.71958E-005,0,0,0.011172,0.0217022,0.000250201,1.63175E-005,0.000543916,0.00070709,0.000157736,0,0,0,0,0,0,0,0,0,0,0,0,0,0,0,0,0,0,0,0,0,0.91974,0,0,0,0,0,0,0,0,0,0,0,0,0,0,0
12,4,0.0450668,0.00023317,1.08451E-005,0,0.00078627,0.000352466,5.42255E-006,0,0,0,0,0,0,0,0,0,0.000580213,3.25353E-005,0,0,0.0134534,0.0198086,0.00027655,5.42255E-006,0.000330776,0.000428382,0.000200634,0,0,0,0,0,0,0,0,0,0,0,0,0,0,0,0,0,0,0,0,0,0.918429,0,0,0,0,0,0,0,0,0,0,0,0,0,0,0
12,5,0.0452468,0.00029814,5.42073E-006,0,0.000574597,0.000227671,0,0,0,0,0,0,0,0,0,0,0.000580018,6.50488E-005,5.42073E-006,0,0.0114377,0.021233,0.000314402,0,4.87866E-005,6.50488E-005,0.000216829,0,0,0,0,0,5.42073E-006,0,0,0,0,0,0,0,0,0,0,0,0,0,0,0,0.919676,0,0,0,0,0,0,0,0,0,0,0,0,0,0,0
13,1,0.0440564,0.000525643,0.000016257,0,0.000157151,0.000233017,0.000065028,0,0,0,0,0,0,0,0,0,0.000536481,9.21229E-005,0.000021676,0,0.00215134,0.0227002,0.000791174,0.000016257,0.000010838,0.00005419,0.000373911,0.000021676,0,0,0,0,0,0,0,0,0,0,0,0,0,0,0,0,0,0,0,0,0.928177,0,0,0,0,0,0,0,0,0,0,0,0,0,0,0
13,2,0.0437984,0.000633896,4.87612E-005,5.41791E-006,0.000222134,0.000363,0.000319657,1.08358E-005,0,0,0,0,0,0,0,0,0.000400925,8.66866E-005,1.62537E-005,0,0.00206422,0.0227715,0.000628478,5.41791E-005,0,4.33433E-005,0.000406343,7.58507E-005,0,0,0,0,0,0,0,0,0,0,0,0,0,0,0,0,0,0,0,0,0.92805,0,0,0,0,0,0,0,0,0,0,0,0,0,0,0
13,3,0.0446021,0.000423644,8.69013E-005,0,0.00032588,0.000347605,0.000412781,1.08627E-005,0,0,0,0,0,0,0,0,0.000445369,9.23326E-005,0,0,0.00538245,0.0196234,0.000581152,0.000032588,5.43133E-006,9.23326E-005,0.000385624,0.000146646,0,0,0,0,0,0,0,0,0,0,0,0,0,0,0,0,0,0,0,0,0.927003,0,0,0,0,0,0,0,0,0,0,0,0,0,0,0
13,4,0.0426232,0.000451413,8.15807E-005,5.43871E-006,0.000201232,0.000271936,0.000467729,2.17549E-005,0,0,5.43871E-006,0,0,0,0,0,0.000429658,5.98259E-005,1.08774E-005,0,0.00245286,0.0220975,0.000484046,6.52646E-005,1.08774E-005,8.15807E-005,0.000282813,0.000195794,0,0,0,0,0,0,0,0,0,0,0,0,0,0,0,0,0,0,0,0,0.929699,0,0,0,0,0,0,0,0,0,0,0,0,0,0,0
13,5,0.0435839,0.000456775,0.000081567,0,0.000315392,0.000424148,0.000358895,0,0,0,0,0,0,0,0,0,0.00036977,7.61292E-005,5.4378E-006,0,0.00406747,0.0206582,0.000603595,8.70048E-005,0,0.000130507,0.000407835,3.26268E-005,0,0,0,0,0,0,0,0,0,0,0,0,0,0,0,0,0,0,0,0,0.928341,0,0,0,0,0,0,0,0,0,0,0,0,0,0,0
14,1,0.0445122,0.000630222,2.71648E-005,0,0.000260782,0.000825809,0.00460171,4.88966E-005,0,0,0.000005433,0,0,0,0,0,0.0009562,0.000152123,0,0,0.00216775,0.0260836,0.00222751,0.000249916,0,0.000119525,0.000814943,0.000396605,0,0,0,0,0,0,0,0,0,0,0,0,0,0,0,0,0,0,0,0,0.91592,0,0,0,0,0,0,0,0,0,0,0,0,0,0,0
14,2,0.0439843,0.000387022,7.08632E-005,0,0.000207139,0.000468787,0.00581078,9.81183E-005,0,0,0.000005451,0,0,0,0,0,0.000436081,4.90592E-005,0,0,0.00278547,0.0251237,0.00179884,0.000196237,1.63531E-005,0.000103569,0.000441532,0.000207139,0,0,0,0,0,0,0,0,0,0,0,0,0,0,0,0,0,0,0,0,0.91781,0,0,0,0,0,0,0,0,0,0,0,0,0,0,0
14,3,0.045535,0.000765431,0.000065143,0,0.000282287,0.000618859,0.00607459,5.42859E-005,0,0,0,0,0,0,0,0,0.000586287,7.60002E-005,0,0,0.00241572,0.0260898,0.00185115,0.000130286,1.08572E-005,0.000130286,0.00092286,0.000206286,0,0,0,0,0,0,0,0,0,0,0,0,0,0,0,0,0,0,0,0,0.914185,0,0,0,0,0,0,0,0,0,0,0,0,0,0,0
14,4,0.0437848,0.000730018,7.08227E-005,0,0.000245155,0.00085532,0.0064939,4.90311E-005,0,0,5.4479E-006,1.08958E-005,0,0,0,0,0.000577477,9.80622E-005,0,0,0.00295821,0.0253927,0.00185773,0.000125302,5.4479E-006,0.000136197,0.000768154,0.000228812,0,0,0,0,0,0,0,0,0,0,0,0,0,0,0,0,0,0,0,0,0.915607,0,0,0,0,0,0,0,0,0,0,0,0,0,0,0
14,5,0.0431969,0.000506981,6.54168E-005,0,0.00034889,0.000523335,0.00577849,0.000152639,0,0,0,0,0,0,0,0,0.000370695,2.18056E-005,0,0,0.00255671,0.0249347,0.00191889,0.000158091,2.18056E-005,0.000109028,0.000506981,0.000207153,0,0,0,0,0,0,0,0,0,0,0,0,0,0,0,0,0,0,0,0,0.918621,0,0,0,0,0,0,0,0,0,0,0,0,0,0,0
15,1,0.0432731,0.000309559,5.43086E-006,0,0.000195511,0.000276974,0,0,0,0,0,0,0,0,0,0,0.000391022,4.34469E-005,0,0,0.0024113,0.0220656,0.00025525,5.43086E-006,0.000325851,7.06011E-005,0.000162926,5.43086E-006,1.62926E-005,5.43086E-006,0,0,0,0,0,0,0,0,0,0,0,0,0,0,0,0,0,0,0.930181,0,0,0,0,0,0,0,0,0,0,0,0,0,0,0
15,2,0.0438826,0.000304401,5.43573E-006,0,0.000266351,0.000228301,0,0,0,0,0,0,0,0,0,0,0.000440294,3.80501E-005,0,0,0.0050661,0.0194545,0.000228301,0,0.000337015,0.000059793,0.000119586,0,1.63072E-005,0,0,0,0,0,0,0,0,0,0,0,0,0,0,0,0,0,0,0,0.929553,0,0,0,0,0,0,0,0,0,0,0,0,0,0,0
15,3,0.0442101,0.000287113,5.41724E-006,0,0.000325034,0.000238358,0,0,0,0,0,0,0,0,0,0,0.000422544,2.70862E-005,0,0,0.00339119,0.0213114,0.000270862,0,0.000319617,8.12585E-005,0.000178769,0,1.08345E-005,0,0,0,0,0,0,0,0,0,0,0,0,0,0,0,0,0,0,0,0.92892,0,0,0,0,0,0,0,0,0,0,0,0,0,0,0
15,4,0.0428845,0.000424222,0,0,0.000201234,0.000222988,0,0,0,0,0,0,0,0,0,0,0.00039159,3.26325E-005,0,0,0.00203409,0.0223315,0.000222988,0,0.00030457,3.80712E-005,0.00013053,5.43874E-006,0.000021755,0,0,0,0,0,0,0,0,0,0,0,0,0,0,0,0,0,0,0,0.930754,0,0,0,0,0,0,0,0,0,0,0,0,0,0,0
15,5,0.0444791,0.000276301,5.41768E-006,0,0.000205872,0.000270884,5.41768E-006,0,0,0,0,0,0,0,0,0,0.000379237,5.41768E-006,0,0,0.00336979,0.0210639,0.000260048,0,0.000352149,5.95944E-005,0.000173366,5.41768E-006,1.08354E-005,0,0,0,0,0,0,0,0,0,0,0,0,0,0,0,0,0,0,0,0.929077,0,0,0,0,0,0,0,0,0,0,0,0,0,0,0
16,1,0.0430893,0.00032627,0,0,0.000271891,0.000331707,0,0,0,0,0,0,0,0,0,0,0.000435026,3.80648E-005,0,0,0.00251771,0.0219743,0.000233827,0,5.43783E-006,0.000032627,0.000184886,1.08757E-005,0,0,0,0,0,0,0,0,0,0,0,0,0,0,0,0,0,0,0,0,0.930548,0,0,0,0,0,0,0,0,0,0,0,0,0,0,0
16,2,0.0773049,0.00106319,2.68032E-005,0,0.000402048,0.000513728,1.34016E-005,0,0,0,0,0,0,0,0,0,0.000978316,0.000317171,4.4672E-006,0,0.00303323,0.0342009,0.00124188,8.93439E-006,8.93439E-006,9.38111E-005,0.000763891,4.4672E-006,0,0,0,0,0,0,0,0,0,0,0,0,0,0,0,0,0,0,0,0,0.88002,0,0,0,0,0,0,0,0,0,0,0,0,0,0,0
16,3,0.0440877,0.000390109,5.41817E-006,0,0.000173382,0.000276327,5.41817E-006,0,0,0,0,0,0,0,0,0,0.000330509,4.33454E-005,0,0,0.00202098,0.0225234,0.000276327,5.41817E-006,0,5.95999E-005,0.000465963,0,0,0,0,0,0,0,0,0,0,0,0,0,0,0,0,0,0,0,0,0,0.929336,0,0,0,0,0,0,0,0,0,0,0,0,0,0,0
16,4,0.0438708,0.00032517,5.4195E-006,0,0.000162585,0.000254716,0,0,0,0,0,0,0,0,0,0,0.000406462,0.000021678,0,0,0.00212986,0.0223392,0.000287233,0,0,4.87755E-005,0.000341428,0,0,0,0,0,0,0,0,0,0,0,0,0,0,0,0,0,0,0,0,0,0.929807,0,0,0,0,0,0,0,0,0,0,0,0,0,0,0
16,5,0.0434872,0.000260891,5.43523E-006,0,0.000206539,0.000266326,5.43523E-006,0,0,0,0,0,0,0,0,0,0.000472865,2.17409E-005,0,0,0.00329375,0.0211267,0.00025002,5.43523E-006,0,7.60932E-005,0.000451124,5.43523E-006,0,0,0,0,0,0,0,0,0,0,0,0,0,0,0,0,0,0,0,0,0.930065,0,0,0,0,0,0,0,0,0,0,0,0,0,0,0
17,1,0.0433128,0.000657737,1.08717E-005,0,8.15377E-005,0.000163075,0,0,0,0,0,0,0,0,0,0,0.000733839,5.97943E-005,1.08717E-005,0,0.00181557,0.021863,0.000293536,1.08717E-005,5.43585E-005,3.80509E-005,8.69735E-005,0,0,0,0,0,0,0,0,0,0,0,0,0,0,0,0,0,0,0,0,0,0.930807,0,0,0,0,0,0,0,0,0,0,0,0,0,0,0
17,2,0.0423058,0.000321365,5.44686E-006,0,7.08092E-005,7.08092E-005,5.44686E-006,0,0,0,0,0,0,0,0,0,0.00083337,7.08092E-005,1.08937E-005,0,0.00198266,0.0223049,0.000261449,5.44686E-006,0,5.44686E-006,6.53623E-005,0,0,0,0,0,0,0,0,0,0,0,0,0,0,0,0,0,0,0,0,0,0.93168,0,0,0,0,0,0,0,0,0,0,0,0,0,0,0
17,3,0.0423014,0.000474378,1.09052E-005,0,0.000190842,0.000398041,5.45262E-006,0,0,0,0,0,0,0,0,0,0.00043621,2.18105E-005,5.45262E-006,0,0.00185934,0.0230646,0.000256273,5.45262E-006,1.09052E-005,0.000147221,0.000201747,0,0,0,0,0,0,0,0,0,0,0,0,0,0,0,0,0,0,0,0,0,0.93061,0,0,0,0,0,0,0,0,0,0,0,0,0,0,0
17,4,0.0421346,0.000507055,5.45221E-006,0,0.000141757,0.000119949,0,0,0,0,0,0,0,0,0,0,0.000659717,4.36176E-005,1.09044E-005,0,0.00211,0.0226757,0.000250801,5.45221E-006,0,5.45221E-006,6.54265E-005,0,0,0,0,0,0,0,0,0,0,0,0,0,0,0,0,0,0,0,0,0,0.931264,0,0,0,0,0,0,0,0,0,0,0,0,0,0,0
17,5,0.0509266,0.000356395,1.61998E-005,0,9.17986E-005,0.000064799,0,0,0,0,0,0,0,0,0,0,0.000971985,8.09988E-005,5.39992E-006,0,0.00235436,0.0220641,0.000237596,5.39992E-006,8.09988E-005,0,7.01989E-005,0,0,0,0,0,0,0,0,0,0,0,0,0,0,0,0,0,0,0,0,0,0.922673,0,0,0,0,0,0,0,0,0,0,0,0,0,0,0
18,1,0.0431461,0.000364033,0.0000652,0,0.0004238,0.00913344,0.0001304,2.71667E-005,0,0,0,5.43334E-006,0,0,0,0,0.0004075,0.0000652,2.17333E-005,0,0.00199403,0.0244826,0.0003423,0.0001304,5.43334E-006,0.0000489,0.000287967,0.0001793,0,0,0,0,0,0,0,0,0,0,0,0,0,0,0,0,0,0,0,0,0.918739,0,0,0,0,0,0,0,0,0,0,0,0,0,0,0
18,2,0.044374,0.000483922,5.98106E-005,0,0.000342551,0.00932501,0.000103309,2.17493E-005,0,0,0,0,0,0,0,0,0.000614418,0.000103309,2.17493E-005,0,0.00515458,0.0212436,0.000396925,0.000130496,0,4.89359E-005,0.000217493,0.00014137,0,0,0,0,0,0,0,0,0,0,0,0,0,0,0,0,0,0,0,0,0.917217,0,0,0,0,0,0,0,0,0,0,0,0,0,0,0
18,3,0.0440157,0.000396098,8.68159E-005,0,0.000249596,0.00885522,9.76679E-005,8.68159E-005,0,0,0,0,0,0,0,0,0.000401524,0.000032556,0.000016278,0,0.0020456,0.0242325,0.000428654,8.68159E-005,0.000016278,7.05379E-005,0.000401524,0.000195336,0,0,0,0,0,0,0,0,0,0,0,0,0,0,0,0,0,0,0,0,0.918285,0,0,0,0,0,0,0,0,0,0,0,0,0,0,0
18,4,0.0424154,0.000434863,0.000173945,5.43579E-006,0.000521836,0.00930063,0.00014133,5.97937E-005,0,0,0,5.43579E-006,0,0,0,0,0.000293533,2.71789E-005,2.17431E-005,0,0.00226672,0.0244176,0.000342455,3.26147E-005,0,6.52294E-005,0.000380505,0.000179381,0,0,0,0,0,0,0,0,0,0,0,0,0,0,0,0,0,0,0,0,0.918914,0,0,0,0,0,0,0,0,0,0,0,0,0,0,0
18,5,0.0437666,0.000418897,3.80816E-005,0,0.000380816,0.00830178,8.16033E-005,3.26413E-005,0,0,0,0,0,0,0,0,0.000424337,9.24838E-005,1.63207E-005,0,0.00225225,0.025346,0.000369935,7.61631E-005,1.08804E-005,7.61631E-005,0.00023393,0.000206728,0,0,0,0,0,0,0,0,0,0,0,0,0,0,0,0,0,0,0,0,0.917874,0,0,0,0,0,0,0,0,0,0,0,0,0,0,0
19,1,0.0435947,0.000401995,8.69178E-005,0,0.00020643,0.000282483,0.000494345,0.00373203,0,0,0,0,0,0,0,0,0.000412859,2.71618E-005,1.08647E-005,0,0.00201541,0.0228539,0.000733369,0.00422638,0,4.34589E-005,0.000271618,0.000923501,0,0,0,0,0,0,0,0,0,0,0,0,0,0,0,0,0,0,0,0,0.919683,0,0,0,0,0,0,0,0,0,0,0,0,0,0,0
19,2,0.0426369,0.000555353,6.53356E-005,0,0.000234119,0.000468239,0.000500907,0.00266243,0,0,0,0,0,0,0,0,0.000419237,7.62249E-005,2.17785E-005,0,0.00199818,0.0230363,0.00127949,0.00358802,0,3.81125E-005,0.000234119,0.00103448,0,0,0,0,0,0,0,0,0,0,0,0,0,0,0,0,0,0,0,0,0.921151,0,0,0,0,0,0,0,0,0,0,0,0,0,0,0
19,3,0.0431519,0.000407401,4.34561E-005,0,0.000260736,0.000277032,0.000532337,0.00435647,0,0,0,0.000005432,0,0,0,0,0.000396537,3.80241E-005,0.000010864,0,0.00203157,0.0229285,0.00110813,0.00330809,0,0.000010864,0.00024444,0.000624681,0,0,0,0,0,0,0,0,0,0,0,0,0,0,0,0,0,0,0,0,0.920264,0,0,0,0,0,0,0,0,0,0,0,0,0,0,0
19,4,0.043986,0.000347115,0.000119321,0,0.000157286,0.000352539,0.000585756,0.00406233,0,0,0,5.42367E-006,0,0,0,0,0.00042847,4.33894E-005,0.000032542,0,0.00240811,0.0223509,0.00102507,0.00380742,0,2.71183E-005,0.000249489,0.000547791,0,0,0,0,0,0,0,0,0,0,0,0,0,0,0,0,0,0,0,0,0.919464,0,0,0,0,0,0,0,0,0,0,0,0,0,0,0
19,5,0.0442963,0.00046063,0.000119222,5.41917E-006,0.000162575,0.000276378,0.000536498,0.00320815,0,0,0,0,0,0,0,0,0.000585271,5.96109E-005,0.000032515,0,0.00239527,0.0227063,0.00128434,0.00340324,0,2.70959E-005,0.000167994,0.000699073,0,0,0,0,0,0,0,0,0,0,0,0,0,0,0,0,0,0,0,0,0.919574,0,0,0,0,0,0,0,0,0,0,0,0,0,0,0
20,1,0.0422298,0.00060445,5.4455E-006,0,0.000299502,0.000370294,0.000010891,0,0,0,5.4455E-006,0,0,0,0,0,0.000315839,5.4455E-006,0,0,0.00187325,0.0229092,0.00021782,5.4455E-006,5.4455E-006,0.000021782,0.000157919,0.000010891,0,0,0,0,0,0,0,0,0,0,0,0,0,0,0,0,0,0,0,0,0.930951,0,0,0,0,0,0,0,0,0,0,0,0,0,0,0
20,2,0.0435264,0.000488695,3.80096E-005,0,0.000097739,0.000228058,2.17198E-005,0,0,0,5.42994E-006,0,0,0,0,0,0.000564714,7.60192E-005,2.17198E-005,0,0.00199822,0.0230718,0.000320367,1.62898E-005,5.42994E-006,1.62898E-005,0.000162898,1.08599E-005,0,0,0,0,0,0,0,0,0,0,0,0,0,0,0,0,0,0,0,0,0.929329,0,0,0,0,0,0,0,0,0,0,0,0,0,0,0
20,3,0.0431702,0.000310224,1.08851E-005,0,0.000266684,0.000266684,0,0,0,0,0,0,0,0,0,0,0.00038642,2.17701E-005,5.44253E-006,0,0.00307503,0.0213402,0.000234029,5.44253E-006,0,2.72127E-005,0.000114293,5.44253E-006,0,0,0,0,0,0,0,0,0,0,0,0,0,0,0,0,0,0,0,0,0.93076,0,0,0,0,0,0,0,0,0,0,0,0,0,0,0
20,4,0.0444558,0.000358164,1.62802E-005,0,0.000135668,0.000179082,0,0,0,0,0,0,0,0,0,0,0.000450419,1.62802E-005,0,0,0.00242032,0.0224938,0.000233349,0,0,3.25604E-005,0.000119388,1.08535E-005,0,0,0,0,0,0,0,0,0,0,0,0,0,0,0,0,0,0,0,0,0.929078,0,0,0,0,0,0,0,0,0,0,0,0,0,0,0
20,5,0.0445051,0.000303493,1.08391E-005,0,0.000157166,0.000211361,0,0,0,0,0,0,0,0,0,0,0.000438982,2.16781E-005,5.41953E-006,0,0.00212445,0.0223772,0.000254718,0,0,4.33562E-005,0.000157166,0,0,0,0,0,0,0,0,0,0,0,0,0,0,0,0,0,0,0,0,0,0.929389,0,0,0,0,0,0,0,0,0,0,0,0,0,0,0
21,1,0.0433849,0.000288905,1.09021E-005,0,0.000196238,0.000299808,5.45105E-006,1.09021E-005,0,0,0,0,0,0,0,0,0.000397926,1.09021E-005,1.09021E-005,0,0.00206595,0.0229162,0.000267101,0.000130825,0,1.63531E-005,0.000152629,2.18042E-005,0,0,0,0,0,0,0,0,0,0,0,0,0,0,0,0,0,0,0,0,0.929812,0,0,0,0,0,0,0,0,0,0,0,0,0,0,0
21,2,0.042603,0.000517291,5.44517E-006,0,0.000370272,0.000266813,0,0,0,0,0,0,0,0,0,0,0.000288594,1.63355E-005,0,0,0.00205827,0.0225593,0.000217807,0,5.44517E-006,5.98969E-005,0.000163355,5.44517E-006,0,0,0,0,0,0,0,0,0,0,0,0,0,0,0,0,0,0,0,0,0.930863,0,0,0,0,0,0,0,0,0,0,0,0,0,0,0
21,3,0.0443008,0.000293131,1.08567E-005,0,0.000162851,0.000195421,4.88552E-005,5.42835E-006,0,0,0,0,0,0,0,0,0.000407126,2.17134E-005,5.42835E-006,0,0.00273589,0.0216211,0.000293131,2.71418E-005,0,2.17134E-005,0.000168279,3.79985E-005,0,0,0,0,0,0,0,0,0,0,0,0,0,0,0,0,0,0,0,0,0.929643,0,0,0,0,0,0,0,0,0,0,0,0,0,0,0
21,4,0.0433288,0.000430347,5.44742E-006,0,0.000245134,0.000294161,1.63423E-005,5.44742E-006,0,0,0,0,0,0,0,0,0.000370425,1.08948E-005,5.44742E-006,0,0.00201555,0.0230589,0.000288713,0.000119843,1.08948E-005,3.26845E-005,0.000152528,4.35794E-005,0,0,0,0,0,0,0,0,0,0,0,0,0,0,0,0,0,0,0,0,0.929565,0,0,0,0,0,0,0,0,0,0,0,0,0,0,0
21,5,0.0430461,0.000310429,1.08922E-005,0,0.000152491,0.000223291,5.44612E-006,0,0,0,0,0,0,0,0,0,0.000441136,2.72306E-005,5.44612E-006,0,0.00202596,0.0222746,0.000206953,5.44612E-006,0,3.26767E-005,9.80301E-005,5.44612E-006,0,0,0,0,0,0,0,0,0,0,0,0,0,0,0,0,0,0,0,0,0.931128,0,0,0,0,0,0,0,0,0,0,0,0,0,0,0
22,1,0.0454839,0.000375002,2.17392E-005,0,0.00015761,0.000217392,1.63044E-005,5.43481E-006,0,0,0,0,0,0,0,0,0.000451089,2.71741E-005,0,0,0.00220653,0.0224947,0.000277175,5.43481E-006,5.43481E-006,6.52177E-005,0.000206523,0,0,0,0,0,0,0,0,0,0,0,0,0,0,0,0,0,0,0,0,0,0.927983,0,0,0,0,0,0,0,0,0,0,0,0,0,0,0
22,2,0.0445085,0.000387457,5.45715E-006,5.45715E-006,0.000332886,0.000332886,1.63714E-005,0,0,0,0,0,0,0,0,0,0.000316514,5.45715E-005,0,0,0.00226472,0.0230346,0.0002674,1.63714E-005,2.18286E-005,0.000125514,0.000201914,1.63714E-005,0,0,0,0,0,0,0,0,0,0,0,0,0,0,0,0,0,0,0,0,0.928091,0,0,0,0,0,0,0,0,0,0,0,0,0,0,0
22,3,0.0447656,0.000456792,0.000038066,0,0.000184892,0.000364346,0.00002719,0,0,0,0,0,0,0,0,0,0.00046223,0.000021752,0,0,0.0025178,0.0226602,0.000320842,0.000005438,0.000010876,0.000059818,0.000179454,0.000010876,0,0,0,0,0,0,0,0,0,0,0,0,0,0,0,0,0,0,0,0,0.927914,0,0,0,0,0,0,0,0,0,0,0,0,0,0,0
22,4,0.0439408,0.000403928,2.18339E-005,0,0.000283841,0.000300217,0.000010917,0,0,0,0,0,0,0,0,0,0.000409386,3.27509E-005,0,0,0.00246178,0.0228056,0.000272924,2.72924E-005,5.45849E-006,4.36679E-005,0.000136462,5.45849E-006,0,0,0,0,0,0,0,0,0,0,0,0,0,0,0,0,0,0,0,0,0.928838,0,0,0,0,0,0,0,0,0,0,0,0,0,0,0
22,5,0.0449457,0.000409988,5.46651E-006,0,0.00023506,0.000300658,0.000010933,0,0,0,0,0,0,0,0,0,0.000426388,2.73326E-005,0,0,0.00512759,0.0194608,0.000213194,0.000010933,0,0.000021866,0.000142129,0,0,0,0,0,0,0,0,0,0,0,0,0,0,0,0,0,0,0,0,0,0.928662,0,0,0,0,0,0,0,0,0,0,0,0,0,0,0
23,1,0.0431121,0.000354809,5.4586E-006,0,0.000103713,0.000256554,0,0,0,0,0,0,0,0,0,0,0.000846084,6.00447E-005,1.63758E-005,0,0.00253279,0.0232973,0.000251096,5.4586E-006,0,1.63758E-005,0.000114631,0,0,0,0,0,2.18344E-005,0,0,0,0,0,0,0,0,0,0,0,0,0,0,0,0.929005,0,0,0,0,0,0,0,0,0,0,0,0,0,0,0
23,2,0.0428061,0.000457412,5.44538E-006,0,0.000147025,0.000234151,0,0,0,0,0,0,0,0,0,0,0.000996504,5.44538E-005,1.08908E-005,0,0.00279892,0.0231537,0.000245042,5.44538E-006,0,2.17815E-005,0.000130689,0,0,0,0,0,1.63361E-005,0,0,0,0,0,0,0,0,0,0,0,0,0,0,0,0.928916,0,0,0,0,0,0,0,0,0,0,0,0,0,0,0
23,3,0.0445003,0.000320968,5.44013E-006,0,0.000217605,0.000228486,0,0,0,0,0,0,0,0,0,0,0.000957464,7.07217E-005,1.63204E-005,0,0.00329128,0.0225167,0.000288327,5.44013E-006,0,4.89612E-005,0.000146884,0,0,0,0,0,5.44013E-006,0,0,0,0,0,0,0,0,0,0,0,0,0,0,0,0.92738,0,0,0,0,0,0,0,0,0,0,0,0,0,0,0
23,4,0.0434133,0.000327154,1.09051E-005,0,0.000185387,0.000239913,0,0,0,0,0,0,0,0,0,0,0.000877863,5.99782E-005,5.45256E-006,0,0.00263904,0.0229771,0.00023446,5.45256E-006,5.45256E-006,3.27154E-005,9.81461E-005,5.45256E-006,0,0,0,0,1.63577E-005,0,0,0,0,0,0,0,0,0,0,0,0,0,0,0,0.928866,0,0,0,0,0,0,0,0,0,0,0,0,0,0,0
23,5,0.0440152,0.000425848,1.09192E-005,0,0.000191086,0.000305737,0,0,0,0,0,0,0,0,0,0,0.00104824,4.91363E-005,1.63788E-005,0,0.00441681,0.0219421,0.00026206,5.45959E-006,0,1.09192E-005,0.000152868,5.45959E-006,0,0,0,0,1.63788E-005,0,0,0,0,0,0,0,0,0,0,0,0,0,0,0,0.927125,0,0,0,0,0,0,0,0,0,0,0,0,0,0,0
24,1,0.0432506,0.000434953,1.63107E-005,0,0.000233787,0.000239224,0.000114175,5.43691E-006,0,0,0,5.43691E-006,0,0,0,0,0.000413205,2.17476E-005,0,0,0.00225088,0.0226882,0.000288156,2.71846E-005,5.43691E-006,3.80584E-005,0.00014136,2.17476E-005,0,0,0,0,0,0,0,0,0,0,0,0,0,0,0,0,0,0,0,0,0.929804,0,0,0,0,0,0,0,0,0,0,0,0,0,0,0
24,2,0.0438432,0.000364273,1.08738E-005,0,0.000201166,0.000326215,0.000130486,5.43691E-006,0,0,0,0,0,0,0,0,0.000424079,1.08738E-005,0,0,0.00233787,0.0226447,0.000277282,1.08738E-005,0,4.34953E-005,0.000125049,1.63107E-005,0,0,0,0,0,0,0,0,0,0,0,0,0,0,0,0,0,0,0,0,0.929228,0,0,0,0,0,0,0,0,0,0,0,0,0,0,0
24,3,0.0431905,0.000353219,1.63024E-005,0,0.000217365,0.000233668,4.34731E-005,1.08683E-005,0,0,0,0,0,0,0,0,0.000412994,2.17365E-005,0,0,0.00238558,0.0223125,0.000260838,1.08683E-005,0,3.80389E-005,0.000119551,5.43413E-006,0,0,0,0,0,0,0,0,0,0,0,0,0,0,0,0,0,0,0,0,0.930367,0,0,0,0,0,0,0,0,0,0,0,0,0,0,0
24,4,0.0433958,0.000417215,1.08368E-005,0,0.000211317,0.000341358,5.41838E-005,0.000043347,0,0,0,5.41838E-006,0,0,0,0,0.000298011,2.70919E-005,0,0,0.00191269,0.0224321,0.000254664,8.12757E-005,1.62551E-005,5.41838E-005,0.000276337,1.62551E-005,0,0,0,0,0,0,0,0,0,0,0,0,0,0,0,0,0,0,0,0,0.930152,0,0,0,0,0,0,0,0,0,0,0,0,0,0,0
24,5,0.0427424,0.000417979,5.42829E-006,0,0.00022256,0.000276843,0,0,0,0,0,0,0,0,0,0,0.000450548,4.34263E-005,0,0,0.00210618,0.0226306,0.000211703,0,0,4.34263E-005,9.77093E-005,5.42829E-006,0,0,0,0,0,0,0,0,0,0,0,0,0,0,0,0,0,0,0,0,0.930746,0,0,0,0,0,0,0,0,0,0,0,0,0,0,0
25,1,0.043231,0.000440356,9.24204E-005,5.4365E-006,0.000190277,0.000342499,0.000125039,1.63095E-005,0,0,0,0,0,0,0,0,0.000516467,0.000929641,0.000646943,0,0.0022344,0.0234694,0.000619761,0.000130476,8.15474E-005,8.15474E-005,0.000125039,0.000271825,0,0,0,0,0,0,0,0,0,0,0,0,0,0,0,0,0,0,0,0,0.92645,0,0,0,0,0,0,0,0,0,0,0,0,0,0,0
25,2,0.0432267,0.000479026,0.000130644,0,0.000146974,0.000228626,9.25392E-005,0,0,0,0,0,0,0,0,0,0.000511687,0.000909061,0.000745757,5.44348E-006,0.00225904,0.0227211,0.000544348,0.000103426,0.000163304,5.98783E-005,0.00014153,0.000299391,0,0,0,0,0,0,0,0,0,0,0,0,0,0,0,0,0,0,0,0,0.927232,0,0,0,0,0,0,0,0,0,0,0,0,0,0,0
25,3,0.0435404,0.000396959,0.000125069,0,0.000293641,0.00027189,0.000135945,1.08756E-005,0,0,0,0,0,0,0,0,0.000424148,0.00101143,0.00073954,0,0.00402941,0.0209301,0.00081567,0.000168572,0.00022295,0.000103318,0.000157696,0.00022295,0,0,0,0,0,0,0,0,0,0,0,0,0,0,0,0,0,0,0,0,0.926399,0,0,0,0,0,0,0,0,0,0,0,0,0,0,0
25,4,0.0428507,0.000467897,0.000141457,0,0.000310118,0.000233949,0.000097932,5.44067E-006,0,0,0,0,0,0,0,0,0.000522304,0.000865066,0.000663761,0,0.00249727,0.0224591,0.000593033,9.24913E-005,0.000108813,0.000097932,0.000103373,0.000293796,0,0,0,0,0,0,0,0,0,0,0,0,0,0,0,0,0,0,0,0,0.927596,0,0,0,0,0,0,0,0,0,0,0,0,0,0,0
25,5,0.0442172,0.000455122,0.000119199,0,8.66899E-005,0.000167962,0.000092108,1.62543E-005,0,0,0,0,0,0,0,0,0.000623083,0.000986097,0.000650174,5.41812E-006,0.00209681,0.0229295,0.000541812,0.000124617,3.79268E-005,0.000102944,0.000130035,0.000265488,0,0,0,0,0,0,0,0,0,0,0,0,0,0,0,0,0,0,0,0,0.926352,0,0,0,0,0,0,0,0,0,0,0,0,0,0,0
26,1,0.0433631,0.000359002,5.43942E-006,0,0.000266532,0.000266532,0,0,0,0,0,0,0,0,0,0,0.00057114,5.43942E-005,5.43942E-006,0,0.00326365,0.0218719,0.000228456,5.43942E-006,5.43942E-006,4.89548E-005,0.000174062,5.43942E-006,0,0,0,0,0,0,0,0,0,0,0,0,0,0,0,0,0,0,0,0,0.929505,0,0,0,0,0,0,0,0,0,0,0,0,0,0,0
26,2,0.0440565,0.000319879,5.42167E-006,0,0.000146385,0.000265662,0,0,0,0,0,0,0,0,0,0,0.000439155,0.000048795,0,0,0.00225541,0.0227276,0.000287349,5.42167E-006,0,4.33734E-005,0.000151807,0,0,0,0,0,0,0,0,0,0,0,0,0,0,0,0,0,0,0,0,0,0.929247,0,0,0,0,0,0,0,0,0,0,0,0,0,0,0
26,3,0.0434839,0.000277245,1.08723E-005,0,0.000233755,0.000260936,0,0,0,0,0,0,0,0,0,0,0.000385968,3.80532E-005,0,0,0.00268003,0.02231,0.000233755,0,0,4.34894E-005,0.000173957,5.43617E-006,0,0,0,0,0,0,0,0,0,0,0,0,0,0,0,0,0,0,0,0,0.929863,0,0,0,0,0,0,0,0,0,0,0,0,0,0,0
26,4,0.0437441,0.000337204,1.08775E-005,0,0.000277377,0.000255622,0,0,0,0,0,0,0,0,0,0,0.000565632,0.000048949,0,0,0.00530824,0.020167,0.000304571,0,0,4.35102E-005,0.000174041,1.63163E-005,0,0,0,0,0,0,0,0,0,0,0,0,0,0,0,0,0,0,0,0,0.928747,0,0,0,0,0,0,0,0,0,0,0,0,0,0,0
26,5,0.0439043,0.00029889,0,0,0.000331497,0.000288022,1.08687E-005,0,0,0,0,0,0,0,0,0,0.000429315,2.17375E-005,0,0,0.00510287,0.0196996,0.000249981,5.43437E-006,0,3.26062E-005,0.000146728,0,0,0,0,0,0,0,0,0,0,0,0,0,0,0,0,0,0,0,0,0,0.929478,0,0,0,0,0,0,0,0,0,0,0,0,0,0,0
27,1,0.0444646,0.000282764,1.08755E-005,0,0.000255575,0.000293639,5.43777E-006,5.43777E-006,0,0,0,0,0,0,0,0,0.000532901,4.89399E-005,0,0,0.00494837,0.0197337,0.000228386,0,0,2.17511E-005,0.000135944,5.43777E-006,0,0,0,0,1.63133E-005,0,0,0,0,0,0,0,0,0,0,0,0,0,0,0,0.92901,0,0,0,0,0,0,0,0,0,0,0,0,0,0,0
27,2,0.0438263,0.000303521,0.00000542,0,0.000119241,0.000184281,0,0,0,0,0,0,0,0,0,0,0.000563683,4.87802E-005,0,0,0.00205961,0.022363,0.000271001,0.00000542,0,0.00001084,0.000146341,0,0,0,0,0,0.00000542,0,0,0,0,0,0,0,0,0,0,0,0,0,0,0,0.930087,0,0,0,0,0,0,0,0,0,0,0,0,0,0,0
27,3,0.0566688,0.000419406,5.44683E-006,0,0.0067813,0.000838812,5.44683E-006,0,0,0,0,0,0,0,0,0,0.000512002,3.81278E-005,1.63405E-005,0,0.00263082,0.00324631,0.000239661,0,0,0.000201533,0.000675407,0,0,0,0,0,0,0,0,0,0,0,0,0,0,0,0,0,0,0,0,0,0.927721,0,0,0,0,0,0,0,0,0,0,0,0,0,0,0
27,4,0.0436658,0.00032631,2.71925E-005,0,0.000157717,0.000244733,5.43851E-006,0,0,0,0,0,0,0,0,0,0.000484027,4.89466E-005,0,0,0.00228961,0.0225916,0.00025561,0.000010877,0,1.63155E-005,0.000130524,0,0,0,0,0,1.63155E-005,0,0,0,0,0,0,0,0,0,0,0,0,0,0,0,0.929729,0,0,0,0,0,0,0,0,0,0,0,0,0,0,0
27,5,0.0428485,0.000331653,5.43694E-006,0,0.000233788,0.000299032,5.43694E-006,0,0,0,0,0,0,0,0,0,0.000527383,3.80586E-005,0,5.43694E-006,0.00205516,0.022373,0.000206604,5.43694E-006,5.43694E-006,5.98063E-005,0.000168545,1.08739E-005,0,0,0,0,5.43694E-006,0,0,0,0,0,0,0,0,0,0,0,0,0,0,0,0.930815,0,0,0,0,0,0,0,0,0,0,0,0,0,0,0
28,1,0.0443706,0.000265692,5.42229E-006,0,0.000233158,0.000292804,5.42229E-006,0,0,0,0,0,0,0,0,0,0.00033076,2.71114E-005,0,0,0.00247799,0.0219169,0.000200625,0,0,3.25337E-005,0.000162669,5.42229E-006,0,0,0,0,0,0,0,0,0,0,0,0,0,0,0,0,0,0,0,0,0.929673,0,0,0,0,0,0,0,0,0,0,0,0,0,0,0
28,2,0.043479,0.000315262,5.43555E-006,0,0.000135889,0.000250035,0,0,0,0,0,0,0,0,0,0,0.000423973,1.08711E-005,0,0,0.00225032,0.0227478,0.0002446,5.43555E-006,0,2.17422E-005,0.000125018,1.08711E-005,0,0,0,0,0,0,0,0,0,0,0,0,0,0,0,0,0,0,0,0,0.929974,0,0,0,0,0,0,0,0,0,0,0,0,0,0,0
28,3,0.0434329,0.000293576,1.08732E-005,0,0.000195717,0.000228337,5.43658E-006,0,0,0,0,0,0,0,0,0,0.00046211,4.89293E-005,0,0,0.00237579,0.0224585,0.000201154,1.08732E-005,5.43658E-006,3.80561E-005,0.000130478,0,0,0,0,0,0,0,0,0,0,0,0,0,0,0,0,0,0,0,0,0,0.930102,0,0,0,0,0,0,0,0,0,0,0,0,0,0,0
28,4,0.0440561,0.000561051,4.35768E-005,1.08942E-005,0.000283249,0.000321379,4.35768E-005,1.63413E-005,0,0,0,1.63413E-005,0,0,0,0,0.00037585,3.26826E-005,5.4471E-006,0,0.00236949,0.0203231,0.000370403,1.63413E-005,1.08942E-005,3.26826E-005,0.000256014,1.63413E-005,0,5.4471E-006,0,5.4471E-006,0,0,0,0,0,0,0,0,0,0,0,0,0,0,0,0,0.930827,0,0,0,0,0,0,0,0,0,0,0,0,0,0,0
28,5,0.0435254,0.000276472,0.000005421,0,0.000195157,0.000200578,0,0,0,0,0,0,0,0,0,0,0.00047705,2.71051E-005,0,0,0.00218467,0.0222208,0.00026563,0,0,4.33682E-005,0.000151789,0,0,0,0,0,0,0,0,0,0,0,0,0,0,0,0,0,0,0,0,0,0.930427,0,0,0,0,0,0,0,0,0,0,0,0,0,0,0
29,1,0.0442491,0.00026607,0.00000543,0,0.00019548,0.00020634,0,0,0,0,0,0,0,0,0,0,0.00044526,0.00002172,0,0,0.00199281,0.0222739,0.00024435,0,0.00000543,0.00004344,0.00019005,0.00000543,0,0,0,0,0,0,0,0,0,0,0,0,0,0,0,0,0,0,0,0,0.929855,0,0,0,0,0,0,0,0,0,0,0,0,0,0,0
29,2,0.0434747,0.000294006,1.08891E-005,0,0.000163336,0.000288561,0,0,0,0,0,0,0,0,0,0,0.000462787,1.63336E-005,0,0,0.00192737,0.0229978,0.000212337,5.44455E-006,5.44455E-006,3.26673E-005,0.000103446,1.08891E-005,0,0,0,0,0,0,0,0,0,0,0,0,0,0,0,0,0,0,0,0,0.929994,0,0,0,0,0,0,0,0,0,0,0,0,0,0,0
29,3,0.0440454,0.000452222,5.44846E-006,5.44846E-006,0.000196145,0.000239732,5.44846E-006,0,5.44846E-006,0,0,5.44846E-006,0,0,0,0,0.000561192,3.26908E-005,5.44846E-006,0,0.00220663,0.0227691,0.000326908,0,0,1.63454E-005,0.000234284,5.44846E-006,0,0,0,0,0,0,0,0,0,0,0,0,0,0,0,0,0,0,0,0,0.928881,0,0,0,0,0,0,0,0,0,0,0,0,0,0,0
29,4,0.0436564,0.000359671,1.08991E-005,0,0.000190735,0.000201634,5.44956E-006,0,0,0,0,0,0,0,0,0,0.000452314,2.72478E-005,0,0,0.00195094,0.0229045,0.000217982,5.44956E-006,0,2.72478E-005,0.000136239,0,0,0,0,0,0,0,0,0,0,0,0,0,0,0,0,0,0,0,0,0,0.929853,0,0,0,0,0,0,0,0,0,0,0,0,0,0,0
29,5,0.0428001,0.000348899,5.45155E-006,0,0.000179901,0.000305287,5.45155E-006,0,0,0,0,0,0,0,0,0,0.000436124,2.72578E-005,0,0,0.0021152,0.0226785,0.000234417,5.45155E-006,0,2.72578E-005,0.000152643,1.09031E-005,0,0,0,0,0,0,0,0,0,0,0,0,0,0,0,0,0,0,0,0,0.930667,0,0,0,0,0,0,0,0,0,0,0,0,0,0,0
30,1,0.0436907,0.000353221,1.08683E-005,0,0.000255406,0.000304313,3.80391E-005,0,0,0,0,0,0,0,0,0,0.000407562,0.000032605,5.43416E-006,0,0.00198347,0.023568,0.000434733,0,5.43416E-006,7.60783E-005,0.000374957,1.08683E-005,0,0,0,0,0,0,0,0,0,0,0,0,0,0,0,0,0,0,0,0,0.928448,0,0,0,0,0,0,0,0,0,0,0,0,0,0,0
30,2,0.0453767,0.000276489,1.08427E-005,0,0.00020059,0.000292753,5.42135E-006,0,0,0,5.42135E-006,0,0,0,0,0,0.000449972,2.71067E-005,0,0,0.00255345,0.0221408,0.000384916,1.08427E-005,0,6.50562E-005,0.000449972,0.000016264,0,0,0,0,0,0,0,0,0,0,0,0,0,0,0,0,0,0,0,0,0.927733,0,0,0,0,0,0,0,0,0,0,0,0,0,0,0
30,3,0.0510676,0.00143095,5.3795E-006,0,0.000145246,0.000543329,0.000021518,0,0,0,0,0,0,0,0,0,0.000650919,0.000268975,5.3795E-006,0,0.00238312,0.0237021,0.000650919,1.61385E-005,0.000064554,0.0002098,0.000225939,5.3795E-006,0,0,0,0,0,0,0,0,0,0,0,0,0,0,0,0,0,0,0,0,0.918603,0,0,0,0,0,0,0,0,0,0,0,0,0,0,0
30,4,0.0450621,0.000461813,5.4331E-006,1.08662E-005,0.000249923,0.000277088,5.4331E-006,0,0,5.4331E-006,5.4331E-006,5.4331E-006,0,0,0,0,0.000467247,7.06303E-005,0,0,0.00438451,0.0206621,0.000793233,0,0,8.69296E-005,0.000440081,1.62993E-005,0,0,0,0,0,0,0,0,0,0,0,0,0,0,0,0,0,0,0,0,0.92699,0,0,0,0,0,0,0,0,0,0,0,0,0,0,0
30,5,0.0436428,0.00140853,1.63151E-005,0,0.000261041,0.000402439,5.43836E-006,0,0,0,0,0,0,0,0,0,0.000462261,9.24521E-005,0,0,0.00379597,0.0219927,0.000571028,5.43836E-006,0,8.70137E-005,0.000320863,0,0,0,0,0,0,0,0,0,0,0,0,0,0,0,0,0,0,0,0,0,0.926936,0,0,0,0,0,0,0,0,0,0,0,0,0,0,0
31,1,0.0435201,0.000342164,1.08624E-005,0,0.000211816,0.000353027,5.43118E-006,0,0,0,0,0,0,0,0,0,0.000445357,7.60365E-005,0,0,0.00222135,0.0224525,0.000244403,5.43118E-006,0,2.71559E-005,0.000190091,5.43118E-006,0,0,0,0,5.43118E-006,0,0,0,0,0,0,0,0,0,0,0,0,0,0,0,0.929883,0,0,0,0,0,0,0,0,0,0,0,0,0,0,0
31,2,0.043409,0.000260813,5.4336E-006,0,0.000260813,0.000298848,5.4336E-006,0,0,0,0,0,0,0,0,0,0.000478157,0.000054336,0,0,0.00556944,0.0186101,0.000206477,0,0,2.17344E-005,0.000130406,5.4336E-006,0,0,0,0,1.08672E-005,0,0,0,0,0,0,0,0,0,0,0,0,0,0,0,0.930673,0,0,0,0,0,0,0,0,0,0,0,0,0,0,0
31,3,0.0437225,0.000293695,5.4388E-006,0,0.000212113,0.000310012,5.4388E-006,0,0,0,0,0,0,0,0,0,0.000402471,0.000054388,0,0,0.00274116,0.0221522,0.000250185,5.4388E-006,0,0.000027194,0.000163164,5.4388E-006,0,0,0,0,2.17552E-005,0,0,0,0,0,0,0,0,0,0,0,0,0,0,0,0.929627,0,0,0,0,0,0,0,0,0,0,0,0,0,0,0
31,4,0.0446067,0.000314018,5.4141E-006,0,0.000265291,0.000232806,0,0,0,0,0,0,0,0,0,0,0.00056848,6.49692E-005,0,0,0.00217647,0.022566,0.000265291,5.4141E-006,0,4.33128E-005,0.000189493,0,0,0,0,0,0,0,0,0,0,0,0,0,0,0,0,0,0,0,0,0,0.928696,0,0,0,0,0,0,0,0,0,0,0,0,0,0,0
31,5,0.0433934,0.000331704,5.43777E-006,0,0.000179446,0.00019576,0,0,0,0,0,0,0,0,0,0,0.000565528,0.000070691,0,0,0.00230018,0.0226048,0.000206635,1.08755E-005,1.08755E-005,2.17511E-005,0.000168571,0,0,0,0,0,5.43777E-006,0,0,0,0,0,0,0,0,0,0,0,0,0,0,0,0.929929,0,0,0,0,0,0,0,0,0,0,0,0,0,0,0
32,1,0.0433828,0.000293421,1.08674E-005,0,0.000239084,0.000222782,0,0,1.63012E-005,5.43372E-006,0,0,0,0,0,0,0.000418396,1.63012E-005,0,0,0.00229303,0.0229086,0.000217349,5.43372E-006,0.000114108,9.23732E-005,0.000103241,5.43372E-006,0,5.43372E-006,0,0,0,0,0,0,0,0,0,0,0,0,0,0,0,0,0,0,0.92965,0,0,0,0,0,0,0,0,0,0,0,0,0,0,0
32,2,0.043369,0.000347516,5.42994E-006,0,0.000276927,0.000217198,1.08599E-005,0,1.08599E-005,0,0,0,0,0,0,0,0.000439825,3.25797E-005,0,0,0.00263895,0.0221162,0.000249777,0,0.000114029,6.51593E-005,0.000135749,5.42994E-006,5.42994E-006,0,5.42994E-006,0,0,0,0,0,0,0,0,0,0,0,0,0,0,0,0,0,0.929954,0,0,0,0,0,0,0,0,0,0,0,0,0,0,0
32,3,0.0432098,0.000315003,1.08622E-005,0,0.000320434,0.000304141,5.43109E-006,0,3.25866E-005,5.43109E-006,0,0,0,0,0,0,0.000342159,4.88798E-005,0,0,0.00252003,0.0223435,0.000244399,1.08622E-005,0.000103191,0.00014664,0.000141208,0,0,0,5.43109E-006,0,0,0,0,0,0,0,0,0,0,0,0,0,0,0,0,0,0.92989,0,0,0,0,0,0,0,0,0,0,0,0,0,0,0
32,4,0.0445996,0.000308967,1.08409E-005,0,0.000325228,0.000249341,0,0,3.25228E-005,0,0,0,0,0,0,0,0.000379433,2.71023E-005,0,0,0.00332817,0.0215735,0.000271023,0,0.000108409,9.75684E-005,0.000140932,0,5.42047E-006,0,0,0,0,0,0,0,0,0,0,0,0,0,0,0,0,0,0,0,0.928542,0,0,0,0,0,0,0,0,0,0,0,0,0,0,0
32,5,0.0434175,0.000331763,1.08775E-005,0,0.000244743,0.00021755,0,0,0.000021755,5.43874E-006,5.43874E-006,0,0,0,0,0,0.00039159,5.98262E-005,0,0,0.00319798,0.0226741,0.000201234,5.43874E-006,8.70199E-005,0.000135969,0.000119652,5.43874E-006,0,0,0,5.43874E-006,0,0,0,0,0,0,0,0,0,0,0,0,0,0,0,0,0.928861,0,0,0,0,0,0,0,0,0,0,0,0,0,0,0
